0 1 0.37
0 2 0.9
0 3 0.82
0 4 1.23
0 5 0.23
0 6 0.77
0 7 0.19
0 8 0.9
0 9 0.52
0 10 0.12
0 11 0.3
0 12 0.72
0 13 0.81
0 14 0.6
0 15 0.67
0 16 0.15
0 17 0.74
0 18 0.72
0 19 1.07
0 20 0.29
0 21 0.62
0 22 0.69
0 23 0.76
0 24 0.5
0 25 0.37
0 26 0.17
0 27 0.52
0 28 0.67
0 29 0.87
0 30 0.89
0 31 0.84
0 32 0.8
0 33 0.82
0 34 0.72
0 35 0.86
1 2 1
1 3 0.77
1 4 1.19
1 5 0.42
1 6 0.86
1 7 0.52
1 8 1.1
1 9 0.58
1 10 0.48
1 11 0.19
1 12 0.69
1 13 0.55
1 14 0.75
1 15 1.05
1 16 0.26
1 17 0.53
1 18 0.41
1 19 0.9
1 20 0.58
1 21 0.37
1 22 0.4
1 23 0.92
1 24 0.26
1 25 0.28
1 26 0.54
1 27 0.34
1 28 0.61
1 29 0.62
1 30 0.51
1 31 0.82
1 32 0.39
1 33 0.55
1 34 0.78
1 35 1.02
2 3 0.47
2 4 0.79
2 5 0.63
2 6 0.43
2 7 0.72
2 8 0.2
2 9 0.47
2 10 0.75
2 11 0.78
2 12 0.59
2 13 1.24
2 14 0.33
2 15 0.34
2 16 0.95
2 17 1.02
2 18 0.95
2 19 0.76
2 20 0.51
2 21 0.94
2 22 1.09
2 23 0.28
2 24 0.82
2 25 0.79
2 26 0.68
2 27 0.9
2 28 0.44
2 29 1.03
2 30 1.1
2 31 0.73
2 32 1.05
2 33 1.01
2 34 0.27
2 35 0.06
3 4 0.39
3 5 0.54
3 6 0.05
3 7 0.86
3 8 0.73
3 9 0.26
3 10 0.77
3 11 0.62
3 12 0.13
3 13 0.88
3 14 0.28
3 15 0.77
3 16 0.92
3 17 0.6
3 18 0.57
3 19 0.3
3 20 0.61
3 21 0.56
3 22 0.64
3 23 0.25
3 24 0.57
3 25 0.52
3 26 0.72
3 27 0.51
3 28 0.19
3 29 0.62
3 30 0.62
3 31 0.21
3 32 0.67
3 33 0.52
3 34 0.27
3 35 0.52
4 5 0.99
4 6 0.4
4 7 1.28
4 8 0.93
4 9 0.7
4 10 1.17
4 11 0.99
4 12 0.48
4 13 0.96
4 14 0.65
4 15 1.09
4 16 1.22
4 17 0.9
4 18 0.86
4 19 0.29
4 20 1
4 21 0.8
4 22 0.91
4 23 0.58
4 24 0.94
4 25 0.87
4 26 1.07
4 27 0.8
4 28 0.55
4 29 0.73
4 30 0.83
4 31 0.37
4 32 0.95
4 33 0.77
4 34 0.66
4 35 0.75
5 6 0.51
5 7 0.25
5 8 0.81
5 9 0.3
5 10 0.23
5 11 0.26
5 12 0.46
5 13 0.76
5 14 0.39
5 15 0.53
5 16 0.36
5 17 0.73
5 18 0.65
5 19 0.74
5 20 0.14
5 21 0.56
5 22 0.6
5 23 0.57
5 24 0.42
5 25 0.2
5 26 0.16
5 27 0.39
5 28 0.35
5 29 0.76
5 30 0.72
5 31 0.69
5 32 0.64
5 33 0.66
5 34 0.42
5 35 0.69
6 7 0.73
6 8 0.69
6 9 0.24
6 10 0.75
6 11 0.64
6 12 0.16
6 13 0.86
6 14 0.23
6 15 0.71
6 16 0.87
6 17 0.67
6 18 0.63
6 19 0.36
6 20 0.56
6 21 0.61
6 22 0.67
6 23 0.18
6 24 0.66
6 25 0.48
6 26 0.72
6 27 0.54
6 28 0.18
6 29 0.64
6 30 0.63
6 31 0.27
6 32 0.71
6 33 0.53
6 34 0.23
6 35 0.49
7 8 0.71
7 9 0.56
7 10 0.08
7 11 0.44
7 12 0.68
7 13 1.05
7 14 0.58
7 15 0.46
7 16 0.37
7 17 0.95
7 18 0.83
7 19 1.04
7 20 0.2
7 21 0.8
7 22 0.87
7 23 0.67
7 24 0.68
7 25 0.47
7 26 0.09
7 27 0.64
7 28 0.62
7 29 0.96
7 30 1.02
7 31 0.94
7 32 0.92
7 33 0.93
7 34 0.68
7 35 0.7
8 9 0.62
8 10 0.86
8 11 0.89
8 12 0.72
8 13 1.31
8 14 0.5
8 15 0.27
8 16 1.06
8 17 1.32
8 18 1.18
8 19 0.91
8 20 0.67
8 21 1.15
8 22 1.13
8 23 0.47
8 24 1.15
8 25 0.87
8 26 0.72
8 27 0.99
8 28 0.63
8 29 1.26
8 30 1.24
8 31 0.98
8 32 1.26
8 33 1.09
8 34 0.49
8 35 0.18
9 10 0.52
9 11 0.43
9 12 0.17
9 13 0.82
9 14 0.13
9 15 0.54
9 16 0.66
9 17 0.73
9 18 0.5
9 19 0.5
9 20 0.32
9 21 0.55
9 22 0.61
9 23 0.26
9 24 0.44
9 25 0.3
9 26 0.43
9 27 0.38
9 28 0.07
9 29 0.69
9 30 0.61
9 31 0.41
9 32 0.65
9 33 0.56
9 34 0.19
9 35 0.47
10 11 0.38
10 12 0.7
10 13 0.99
10 14 0.54
10 15 0.56
10 16 0.26
10 17 0.88
10 18 0.81
10 19 1.01
10 20 0.22
10 21 0.75
10 22 0.79
10 23 0.78
10 24 0.61
10 25 0.4
10 26 0.09
10 27 0.61
10 28 0.62
10 29 0.87
10 30 0.96
10 31 0.91
10 32 0.79
10 33 0.91
10 34 0.61
10 35 0.76
11 12 0.46
11 13 0.55
11 14 0.53
11 15 0.83
11 16 0.32
11 17 0.5
11 18 0.4
11 19 0.76
11 20 0.36
11 21 0.31
11 22 0.34
11 23 0.69
11 24 0.21
11 25 0.09
11 26 0.34
11 27 0.23
11 28 0.48
11 29 0.56
11 30 0.54
11 31 0.67
11 32 0.42
11 33 0.44
11 34 0.56
11 35 0.87
12 13 0.75
12 14 0.25
12 15 0.72
12 16 0.7
12 17 0.53
12 18 0.43
12 19 0.35
12 20 0.5
12 21 0.48
12 22 0.53
12 23 0.29
12 24 0.4
12 25 0.37
12 26 0.61
12 27 0.4
12 28 0.15
12 29 0.52
12 30 0.52
12 31 0.23
12 32 0.53
12 33 0.41
12 34 0.3
12 35 0.63
13 14 0.94
13 15 1.25
13 16 0.73
13 17 0.17
13 18 0.25
13 19 0.74
13 20 0.97
13 21 0.29
13 22 0.21
13 23 1.01
13 24 0.38
13 25 0.53
13 26 0.87
13 27 0.43
13 28 0.84
13 29 0.27
13 30 0.21
13 31 0.6
13 32 0.18
13 33 0.32
13 34 1.05
13 35 1.4
14 15 0.45
14 16 0.69
14 17 0.74
14 18 0.68
14 19 0.54
14 20 0.38
14 21 0.64
14 22 0.66
14 23 0.16
14 24 0.63
14 25 0.41
14 26 0.55
14 27 0.58
14 28 0.12
14 29 0.74
14 30 0.76
14 31 0.44
14 32 0.68
14 33 0.64
14 34 0.07
14 35 0.43
15 16 0.85
15 17 1.09
15 18 1.06
15 19 1.08
15 20 0.39
15 21 0.98
15 22 1.03
15 23 0.55
15 24 1.02
15 25 0.67
15 26 0.49
15 27 0.95
15 28 0.58
15 29 1.16
15 30 1.09
15 31 0.85
15 32 1.06
15 33 1.13
15 34 0.45
15 35 0.31
16 17 0.78
16 18 0.7
16 19 1.07
16 20 0.41
16 21 0.62
16 22 0.59
16 23 0.87
16 24 0.5
16 25 0.41
16 26 0.3
16 27 0.58
16 28 0.7
16 29 0.84
16 30 0.8
16 31 0.95
16 32 0.65
16 33 0.75
16 34 0.77
16 35 0.94
17 18 0.11
17 19 0.61
17 20 0.78
17 21 0.2
17 22 0.14
17 23 0.94
17 24 0.3
17 25 0.44
17 26 0.95
17 27 0.33
17 28 0.62
17 29 0.1
17 30 0.02
17 31 0.52
17 32 0.1
17 33 0.15
17 34 0.86
17 35 1.04
18 19 0.56
18 20 0.71
18 21 0.08
18 22 0.07
18 23 0.73
18 24 0.18
18 25 0.38
18 26 0.78
18 27 0.19
18 28 0.58
18 29 0.18
18 30 0.12
18 31 0.45
18 32 0.07
18 33 0.12
18 34 0.73
18 35 1.05
19 20 0.87
19 21 0.6
19 22 0.61
19 23 0.51
19 24 0.69
19 25 0.64
19 26 0.9
19 27 0.52
19 28 0.46
19 29 0.46
19 30 0.52
19 31 0.11
19 32 0.64
19 33 0.43
19 34 0.56
19 35 0.81
20 21 0.65
20 22 0.71
20 23 0.54
20 24 0.57
20 25 0.34
20 26 0.15
20 27 0.48
20 28 0.39
20 29 0.84
20 30 0.78
20 31 0.71
20 32 0.76
20 33 0.68
20 34 0.4
20 35 0.58
21 22 0.06
21 23 0.76
21 24 0.11
21 25 0.33
21 26 0.72
21 27 0.13
21 28 0.55
21 29 0.24
21 30 0.19
21 31 0.47
21 32 0.1
21 33 0.21
21 34 0.74
21 35 1.14
22 23 0.81
22 24 0.18
22 25 0.39
22 26 0.7
22 27 0.2
22 28 0.6
22 29 0.23
22 30 0.16
22 31 0.5
22 32 0.05
22 33 0.22
22 34 0.76
22 35 1.09
23 24 0.79
23 25 0.56
23 26 0.65
23 27 0.73
23 28 0.24
23 29 0.85
23 30 0.85
23 31 0.47
23 32 0.81
23 33 0.7
23 34 0.12
23 35 0.33
24 25 0.2
24 26 0.57
24 27 0.07
24 28 0.44
24 29 0.35
24 30 0.31
24 31 0.56
24 32 0.22
24 33 0.3
24 34 0.61
24 35 0.95
25 26 0.37
25 27 0.18
25 28 0.34
25 29 0.55
25 30 0.54
25 31 0.51
25 32 0.4
25 33 0.44
25 34 0.53
25 35 0.8
26 27 0.56
26 28 0.5
26 29 0.92
26 30 0.84
26 31 0.85
26 32 0.76
26 33 0.8
26 34 0.6
26 35 0.7
27 28 0.41
27 29 0.36
27 30 0.3
27 31 0.45
27 32 0.23
27 33 0.28
27 34 0.63
27 35 0.88
28 29 0.63
28 30 0.63
28 31 0.37
28 32 0.65
28 33 0.55
28 34 0.18
28 35 0.48
29 30 0.08
29 31 0.4
29 32 0.2
29 33 0.1
29 34 0.79
29 35 1.13
30 31 0.49
30 32 0.11
30 33 0.13
30 34 0.79
30 35 1.08
31 32 0.49
31 33 0.32
31 34 0.48
31 35 0.79
32 33 0.21
32 34 0.75
32 35 1.06
33 34 0.65
33 35 1
34 35 0.32