0 1 0.51
0 2 0.17
0 3 0.55
0 4 0.43
0 5 0.68
0 6 0.25
0 7 0.88
0 8 0.7
0 9 0.76
0 10 0.62
0 11 0.22
0 12 0.46
0 13 0.61
0 14 0.47
0 15 0.22
0 16 0.42
0 17 0.8
0 18 0.23
0 19 0.42
0 20 0.36
0 21 0.45
0 22 0.09
0 23 0.13
0 24 0.27
0 25 0.69
0 26 0.78
0 27 0.72
0 28 0.19
0 29 0.5
0 30 0.72
0 31 0.32
0 32 0.47
1 2 0.72
1 3 0.63
1 4 0.95
1 5 1.06
1 6 0.41
1 7 1.4
1 8 1.18
1 9 0.89
1 10 1.08
1 11 0.34
1 12 0.99
1 13 1.19
1 14 0.12
1 15 0.58
1 16 0.59
1 17 1.21
1 18 0.3
1 19 0.21
1 20 0.82
1 21 0.11
1 22 0.5
1 23 0.4
1 24 0.55
1 25 1.11
1 26 1.18
1 27 1.12
1 28 0.35
1 29 0.34
1 30 1.07
1 31 0.21
1 32 1.03
2 3 0.67
2 4 0.34
2 5 0.63
2 6 0.36
2 7 0.78
2 8 0.62
2 9 0.8
2 10 0.59
2 11 0.34
2 12 0.41
2 13 0.56
2 14 0.63
2 15 0.32
2 16 0.62
2 17 0.87
2 18 0.41
2 19 0.51
2 20 0.26
2 21 0.6
2 22 0.24
2 23 0.3
2 24 0.28
2 25 0.7
2 26 0.62
2 27 0.63
2 28 0.36
2 29 0.67
2 30 0.67
2 31 0.46
2 32 0.31
3 4 0.51
3 5 0.59
3 6 0.81
3 7 0.9
3 8 0.89
3 9 0.27
3 10 0.45
3 11 0.58
3 12 0.46
3 13 0.78
3 14 0.69
3 15 0.3
3 16 0.07
3 17 0.4
3 18 0.46
3 19 0.75
3 20 0.63
3 21 0.68
3 22 0.47
3 23 0.45
3 24 0.77
3 25 0.59
3 26 0.83
3 27 0.57
3 28 0.48
3 29 0.3
3 30 0.56
3 31 0.51
3 32 0.79
4 5 0.31
4 6 0.65
4 7 0.43
4 8 0.34
4 9 0.61
4 10 0.28
4 11 0.62
4 12 0.1
4 13 0.32
4 14 0.81
4 15 0.32
4 16 0.48
4 17 0.55
4 18 0.57
4 19 0.85
4 20 0.15
4 21 0.89
4 22 0.38
4 23 0.49
4 24 0.61
4 25 0.33
4 26 0.34
4 27 0.33
4 28 0.52
4 29 0.71
4 30 0.31
4 31 0.68
4 32 0.34
5 6 0.93
5 7 0.27
5 8 0.3
5 9 0.58
5 10 0.18
5 11 0.98
5 12 0.21
5 13 0.32
5 14 1.17
5 15 0.57
5 16 0.6
5 17 0.48
5 18 0.87
5 19 1.06
5 20 0.42
5 21 1.08
5 22 0.69
5 23 0.82
5 24 0.93
5 25 0.08
5 26 0.16
5 27 0.07
5 28 0.79
5 29 0.86
5 30 0.11
5 31 0.99
5 32 0.53
6 7 1.17
6 8 1.04
6 9 1
6 10 0.94
6 11 0.16
6 12 0.68
6 13 0.9
6 14 0.32
6 15 0.44
6 16 0.66
6 17 1.1
6 18 0.25
6 19 0.19
6 20 0.6
6 21 0.33
6 22 0.37
6 23 0.27
6 24 0.12
6 25 1
6 26 0.94
6 27 0.96
6 28 0.27
6 29 0.55
6 30 1
6 31 0.29
6 32 0.64
7 8 0.13
7 9 0.91
7 10 0.49
7 11 0.97
7 12 0.46
7 13 0.23
7 14 1.26
7 15 0.75
7 16 0.85
7 17 0.74
7 18 1.08
7 19 1.21
7 20 0.48
7 21 1.41
7 22 0.81
7 23 0.9
7 24 0.97
7 25 0.36
7 26 0.11
7 27 0.34
7 28 1.02
7 29 1.04
7 30 0.37
7 31 1.2
7 32 0.49
8 9 0.82
8 10 0.48
8 11 0.87
8 12 0.4
8 13 0.11
8 14 1.11
8 15 0.74
8 16 0.85
8 17 0.78
8 18 0.96
8 19 1.17
8 20 0.4
8 21 1.1
8 22 0.75
8 23 0.87
8 24 0.93
8 25 0.39
8 26 0.13
8 27 0.39
8 28 0.88
8 29 1.04
8 30 0.42
8 31 1.02
8 32 0.41
9 10 0.39
9 11 0.77
9 12 0.5
9 13 0.85
9 14 0.97
9 15 0.52
9 16 0.31
9 17 0.19
9 18 0.79
9 19 1.03
9 20 0.74
9 21 0.99
9 22 0.65
9 23 0.68
9 24 1.03
9 25 0.49
9 26 0.8
9 27 0.57
9 28 0.71
9 29 0.6
9 30 0.48
9 31 0.81
9 32 0.89
10 11 0.74
10 12 0.19
10 13 0.47
10 14 0.96
10 15 0.44
10 16 0.49
10 17 0.28
10 18 0.82
10 19 0.98
10 20 0.45
10 21 1.01
10 22 0.61
10 23 0.64
10 24 0.96
10 25 0.11
10 26 0.36
10 27 0.13
10 28 0.72
10 29 0.74
10 30 0.09
10 31 0.75
10 32 0.57
11 12 0.63
11 13 0.85
11 14 0.25
11 15 0.33
11 16 0.5
11 17 0.91
11 18 0.09
11 19 0.19
11 20 0.52
11 21 0.24
11 22 0.23
11 23 0.11
11 24 0.25
11 25 0.91
11 26 0.89
11 27 0.9
11 28 0.1
11 29 0.42
11 30 0.94
11 31 0.18
11 32 0.65
12 13 0.39
12 14 0.83
12 15 0.34
12 16 0.43
12 17 0.44
12 18 0.6
12 19 0.88
12 20 0.26
12 21 0.87
12 22 0.45
12 23 0.54
12 24 0.71
12 25 0.21
12 26 0.34
12 27 0.23
12 28 0.58
12 29 0.66
12 30 0.23
12 31 0.79
12 32 0.42
13 14 1.03
13 15 0.59
13 16 0.76
13 17 0.77
13 18 0.87
13 19 0.93
13 20 0.3
13 21 1.02
13 22 0.6
13 23 0.73
13 24 0.85
13 25 0.41
13 26 0.22
13 27 0.39
13 28 0.77
13 29 1.01
13 30 0.46
13 31 0.98
13 32 0.27
14 15 0.54
14 16 0.66
14 17 1.1
14 18 0.27
14 19 0.1
14 20 0.79
14 21 0.01
14 22 0.46
14 23 0.33
14 24 0.43
14 25 1.13
14 26 1.22
14 27 1.1
14 28 0.29
14 29 0.41
14 30 1.13
14 31 0.18
14 32 0.87
15 16 0.24
15 17 0.58
15 18 0.31
15 19 0.53
15 20 0.36
15 21 0.52
15 22 0.13
15 23 0.24
15 24 0.48
15 25 0.59
15 26 0.62
15 27 0.54
15 28 0.27
15 29 0.35
15 30 0.52
15 31 0.37
15 32 0.5
16 17 0.49
16 18 0.42
16 19 0.7
16 20 0.55
16 21 0.59
16 22 0.35
16 23 0.45
16 24 0.76
16 25 0.54
16 26 0.72
16 27 0.59
16 28 0.36
16 29 0.29
16 30 0.51
16 31 0.44
16 32 0.81
17 18 0.87
17 19 1.12
17 20 0.73
17 21 1.18
17 22 0.76
17 23 0.82
17 24 1.01
17 25 0.38
17 26 0.67
17 27 0.42
17 28 0.81
17 29 0.76
17 30 0.35
17 31 0.91
17 32 0.88
18 19 0.21
18 20 0.56
18 21 0.27
18 22 0.22
18 23 0.11
18 24 0.33
18 25 0.86
18 26 0.91
18 27 0.81
18 28 0.04
18 29 0.26
18 30 0.77
18 31 0.12
18 32 0.72
19 20 0.75
19 21 0.12
19 22 0.45
19 23 0.3
19 24 0.29
19 25 1.01
19 26 1.18
19 27 1.01
19 28 0.26
19 29 0.43
19 30 1
19 31 0.21
19 32 0.77
20 21 0.85
20 22 0.34
20 23 0.47
20 24 0.54
20 25 0.44
20 26 0.39
20 27 0.41
20 28 0.58
20 29 0.71
20 30 0.47
20 31 0.68
20 32 0.19
21 22 0.44
21 23 0.38
21 24 0.43
21 25 1.09
21 26 1.17
21 27 1.17
21 28 0.32
21 29 0.41
21 30 1.17
21 31 0.18
21 32 0.98
22 23 0.13
22 24 0.36
22 25 0.64
22 26 0.63
22 27 0.6
22 28 0.19
22 29 0.41
22 30 0.61
22 31 0.31
22 32 0.45
23 24 0.29
23 25 0.84
23 26 0.87
23 27 0.7
23 28 0.07
23 29 0.34
23 30 0.79
23 31 0.2
23 32 0.54
24 25 0.93
24 26 1
24 27 0.9
24 28 0.36
24 29 0.58
24 30 0.9
24 31 0.47
24 32 0.59
25 26 0.25
25 27 0.01
25 28 0.82
25 29 0.93
25 30 0.03
25 31 0.99
25 32 0.62
26 27 0.24
26 28 0.87
26 29 1.08
26 30 0.29
26 31 1.04
26 32 0.5
27 28 0.79
27 29 0.88
27 30 0.04
27 31 0.95
27 32 0.57
28 29 0.29
28 30 0.75
28 31 0.16
28 32 0.66
29 30 0.86
29 31 0.24
29 32 0.85
30 31 0.96
30 32 0.58
31 32 0.81