0 1 0.39
0 2 0.82
0 3 0.87
0 4 1.08
0 5 0.64
0 6 0.61
0 7 0.43
0 8 1.04
0 9 1.04
0 10 0.86
0 11 1.2
0 12 0.32
0 13 0.56
0 14 0.33
0 15 0.89
0 16 0.3
0 17 0.91
0 18 0.92
0 19 0.83
0 20 0.39
0 21 0.76
0 22 0.96
0 23 0.88
0 24 0.29
0 25 0.79
0 26 0.23
0 27 0.32
0 28 1
0 29 0.66
0 30 0.18
0 31 0.88
1 2 0.71
1 3 0.7
1 4 1.1
1 5 0.93
1 6 0.45
1 7 0.15
1 8 1.02
1 9 0.98
1 10 1.14
1 11 1.11
1 12 0.1
1 13 0.26
1 14 0.41
1 15 1.2
1 16 0.12
1 17 0.5
1 18 0.94
1 19 0.47
1 20 0.72
1 21 0.35
1 22 1.07
1 23 0.79
1 24 0.45
1 25 1.07
1 26 0.21
1 27 0.57
1 28 0.97
1 29 0.96
1 30 0.23
1 31 0.45
2 3 0.04
2 4 0.45
2 5 0.95
2 6 0.31
2 7 0.52
2 8 0.44
2 9 0.67
2 10 1.06
2 11 0.52
2 12 0.69
2 13 0.42
2 14 0.67
2 15 0.82
2 16 0.74
2 17 0.47
2 18 0.48
2 19 0.53
2 20 1
2 21 0.53
2 22 0.64
2 23 0.1
2 24 0.63
2 25 1.1
2 26 0.66
2 27 0.79
2 28 0.33
2 29 0.81
2 30 0.78
2 31 0.54
3 4 0.46
3 5 0.98
3 6 0.26
3 7 0.54
3 8 0.45
3 9 0.67
3 10 1.03
3 11 0.5
3 12 0.8
3 13 0.45
3 14 0.59
3 15 0.83
3 16 0.65
3 17 0.47
3 18 0.45
3 19 0.47
3 20 1
3 21 0.59
3 22 0.63
3 23 0.08
3 24 0.59
3 25 1.12
3 26 0.62
3 27 0.67
3 28 0.32
3 29 0.73
3 30 0.68
3 31 0.51
4 5 0.93
4 6 0.58
4 7 0.86
4 8 0.2
4 9 0.41
4 10 0.9
4 11 0.1
4 12 1.11
4 13 0.91
4 14 0.84
4 15 0.65
4 16 1.02
4 17 0.9
4 18 0.31
4 19 0.88
4 20 1.11
4 21 0.92
4 22 0.44
4 23 0.32
4 24 0.93
4 25 1.12
4 26 0.92
4 27 0.83
4 28 0.14
4 29 0.77
4 30 1.1
4 31 1.01
5 6 0.77
5 7 0.84
5 8 0.7
5 9 0.67
5 10 0.32
5 11 0.9
5 12 0.84
5 13 0.92
5 14 0.49
5 15 0.42
5 16 0.79
5 17 1.37
5 18 0.64
5 19 1.25
5 20 0.25
5 21 1.13
5 22 0.63
5 23 0.99
5 24 0.51
5 25 0.25
5 26 0.71
5 27 0.4
5 28 0.88
5 29 0.24
5 30 0.73
5 31 1.24
6 7 0.29
6 8 0.49
6 9 0.62
6 10 0.9
6 11 0.66
6 12 0.53
6 13 0.3
6 14 0.34
6 15 0.79
6 16 0.43
6 17 0.5
6 18 0.47
6 19 0.51
6 20 0.79
6 21 0.51
6 22 0.64
6 23 0.31
6 24 0.38
6 25 0.95
6 26 0.4
6 27 0.45
6 28 0.46
6 29 0.64
6 30 0.49
6 31 0.57
7 8 0.9
7 9 1.03
7 10 1.07
7 11 0.98
7 12 0.21
7 13 0.17
7 14 0.34
7 15 0.9
7 16 0.14
7 17 0.42
7 18 0.74
7 19 0.45
7 20 0.75
7 21 0.36
7 22 0.86
7 23 0.56
7 24 0.36
7 25 1.06
7 26 0.18
7 27 0.42
7 28 0.75
7 29 0.78
7 30 0.23
7 31 0.47
8 9 0.23
8 10 0.72
8 11 0.2
8 12 1.02
8 13 0.74
8 14 0.68
8 15 0.47
8 16 0.92
8 17 0.9
8 18 0.11
8 19 0.96
8 20 0.91
8 21 0.95
8 22 0.23
8 23 0.36
8 24 0.65
8 25 0.87
8 26 0.84
8 27 0.7
8 28 0.14
8 29 0.55
8 30 1
8 31 0.96
9 10 0.53
9 11 0.33
9 12 1.12
9 13 0.92
9 14 0.69
9 15 0.33
9 16 1.07
9 17 1.17
9 18 0.23
9 19 1.21
9 20 0.86
9 21 1.15
9 22 0.05
9 23 0.64
9 24 0.73
9 25 0.63
9 26 0.9
9 27 0.69
9 28 0.37
9 29 0.41
9 30 0.93
9 31 1.13
10 11 0.88
10 12 1.12
10 13 1.11
10 14 0.69
10 15 0.2
10 16 1.04
10 17 1.4
10 18 0.64
10 19 1.38
10 20 0.57
10 21 1.43
10 22 0.45
10 23 0.95
10 24 0.67
10 25 0.19
10 26 0.86
10 27 0.66
10 28 0.87
10 29 0.24
10 30 0.95
10 31 1.37
11 12 1.18
11 13 0.84
11 14 0.8
11 15 0.65
11 16 1.03
11 17 0.96
11 18 0.31
11 19 0.97
11 20 1.08
11 21 1.04
11 22 0.4
11 23 0.43
11 24 0.84
11 25 1.06
11 26 0.94
11 27 0.86
11 28 0.2
11 29 0.78
11 30 1.06
11 31 1.12
12 13 0.35
12 14 0.44
12 15 1.16
12 16 0.13
12 17 0.55
12 18 0.95
12 19 0.57
12 20 0.7
12 21 0.44
12 22 0.98
12 23 0.82
12 24 0.43
12 25 1.15
12 26 0.2
12 27 0.47
12 28 1.02
12 29 0.83
12 30 0.18
12 31 0.56
13 14 0.48
13 15 1.14
13 16 0.28
13 17 0.27
13 18 0.74
13 19 0.27
13 20 0.84
13 21 0.2
13 22 0.91
13 23 0.56
13 24 0.51
13 25 1.15
13 26 0.34
13 27 0.57
13 28 0.74
13 29 0.99
13 30 0.4
13 31 0.29
14 15 0.65
14 16 0.31
14 17 0.71
14 18 0.57
14 19 0.67
14 20 0.43
14 21 0.7
14 22 0.74
14 23 0.61
14 24 0.03
14 25 0.75
14 26 0.23
14 27 0.12
14 28 0.66
14 29 0.46
14 30 0.29
14 31 0.73
15 16 1.02
15 17 1.21
15 18 0.42
15 19 1.22
15 20 0.6
15 21 1.3
15 22 0.28
15 23 0.77
15 24 0.67
15 25 0.41
15 26 1.02
15 27 0.71
15 28 0.62
15 29 0.21
15 30 0.98
15 31 1.2
16 17 0.59
16 18 0.8
16 19 0.53
16 20 0.65
16 21 0.47
16 22 0.97
16 23 0.69
16 24 0.32
16 25 1
16 26 0.1
16 27 0.42
16 28 0.91
16 29 0.75
16 30 0.11
16 31 0.52
17 18 0.92
17 19 0.03
17 20 1.24
17 21 0.15
17 22 1.12
17 23 0.56
17 24 0.74
17 25 1.44
17 26 0.65
17 27 0.83
17 28 0.83
17 29 1.16
17 30 0.62
17 31 0.09
18 19 0.93
18 20 0.76
18 21 0.94
18 22 0.19
18 23 0.4
18 24 0.57
18 25 0.76
18 26 0.75
18 27 0.57
18 28 0.21
18 29 0.44
18 30 0.79
18 31 0.97
19 20 1.15
19 21 0.14
19 22 1.06
19 23 0.56
19 24 0.85
19 25 1.39
19 26 0.63
19 27 0.94
19 28 0.79
19 29 1.26
19 30 0.7
19 31 0.06
20 21 0.98
20 22 0.78
20 23 0.94
20 24 0.41
20 25 0.45
20 26 0.56
20 27 0.3
20 28 0.93
20 29 0.45
20 30 0.54
20 31 1.15
21 22 1.14
21 23 0.69
21 24 0.67
21 25 1.41
21 26 0.52
21 27 0.87
21 28 0.8
21 29 1.1
21 30 0.56
21 31 0.1
22 23 0.61
22 24 0.64
22 25 0.59
22 26 0.83
22 27 0.7
22 28 0.4
22 29 0.37
22 30 0.91
22 31 1.19
23 24 0.6
23 25 1.03
23 26 0.71
23 27 0.72
23 28 0.22
23 29 0.76
23 30 0.79
23 31 0.61
24 25 0.77
24 26 0.22
24 27 0.1
24 28 0.71
24 29 0.48
24 30 0.29
24 31 0.76
25 26 0.99
25 27 0.61
25 28 0.94
25 29 0.35
25 30 1.01
25 31 1.53
26 27 0.32
26 28 0.77
26 29 0.71
26 30 0.08
26 31 0.55
27 28 0.77
27 29 0.42
27 30 0.35
27 31 0.92
28 29 0.65
28 30 0.89
28 31 0.93
29 30 0.73
29 31 1.1
30 31 0.69