0 1 0.8
0 2 0.18
0 3 0.84
0 4 0.85
0 5 0.48
0 6 0.53
0 7 0.44
0 8 0.45
0 9 0.18
0 10 0.36
0 11 0.7
0 12 0.66
0 13 0.29
0 14 0.1
0 15 0.49
0 16 0.81
0 17 0.37
0 18 0.36
0 19 0.39
0 20 0.35
0 21 0.27
0 22 0.56
0 23 0.62
0 24 0.07
0 25 0.68
0 26 0.57
0 27 0.58
0 28 0.4
0 29 0.49
0 30 0.4
0 31 0.52
0 32 0.25
0 33 0.53
0 34 0.45
0 35 0.64
0 36 0.36
0 37 0.58
1 2 0.94
1 3 0.14
1 4 0.25
1 5 0.9
1 6 0.43
1 7 1.01
1 8 0.61
1 9 0.73
1 10 0.49
1 11 1.1
1 12 0.18
1 13 0.99
1 14 1
1 15 1.26
1 16 0.29
1 17 1.03
1 18 0.49
1 19 0.5
1 20 0.96
1 21 0.52
1 22 1
1 23 0.59
1 24 0.87
1 25 0.33
1 26 0.29
1 27 1.03
1 28 0.64
1 29 0.34
1 30 0.39
1 31 0.69
1 32 0.99
1 33 0.69
1 34 0.37
1 35 0.67
1 36 0.96
1 37 0.67
2 3 0.9
2 4 1.04
2 5 0.69
2 6 0.68
2 7 0.58
2 8 0.4
2 9 0.2
2 10 0.48
2 11 0.94
2 12 0.72
2 13 0.12
2 14 0.12
2 15 0.36
2 16 0.93
2 17 0.22
2 18 0.54
2 19 0.49
2 20 0.48
2 21 0.37
2 22 0.68
2 23 0.61
2 24 0.12
2 25 0.9
2 26 0.63
2 27 0.77
2 28 0.6
2 29 0.58
2 30 0.54
2 31 0.7
2 32 0.37
2 33 0.44
2 34 0.61
2 35 0.58
2 36 0.2
2 37 0.69
3 4 0.4
3 5 0.96
3 6 0.48
3 7 1.08
3 8 0.61
3 9 0.64
3 10 0.46
3 11 1.26
3 12 0.12
3 13 0.89
3 14 0.85
3 15 1.22
3 16 0.4
3 17 0.88
3 18 0.51
3 19 0.47
3 20 0.99
3 21 0.52
3 22 1.23
3 23 0.47
3 24 0.87
3 25 0.42
3 26 0.21
3 27 1.23
3 28 0.74
3 29 0.39
3 30 0.36
3 31 0.72
3 32 1.12
3 33 0.61
3 34 0.46
3 35 0.55
3 36 0.92
3 37 0.87
4 5 0.82
4 6 0.36
4 7 0.87
4 8 0.79
4 9 0.75
4 10 0.51
4 11 0.87
4 12 0.38
4 13 1.05
4 14 0.9
4 15 1.3
4 16 0.05
4 17 1.11
4 18 0.52
4 19 0.53
4 20 0.9
4 21 0.68
4 22 1.04
4 23 0.83
4 24 0.9
4 25 0.19
4 26 0.47
4 27 0.94
4 28 0.56
4 29 0.39
4 30 0.52
4 31 0.56
4 32 0.97
4 33 0.9
4 34 0.42
4 35 0.83
4 36 1.22
4 37 0.57
5 6 0.56
5 7 0.07
5 8 0.95
5 9 0.67
5 10 0.63
5 11 0.18
5 12 0.9
5 13 0.76
5 14 0.6
5 15 0.8
5 16 0.76
5 17 0.89
5 18 0.47
5 19 0.5
5 20 0.23
5 21 0.64
5 22 0.1
5 23 1.01
5 24 0.6
5 25 0.67
5 26 0.88
5 27 0.13
5 28 0.35
5 29 0.63
5 30 0.77
5 31 0.31
5 32 0.38
5 33 0.93
5 34 0.59
5 35 1.1
5 36 0.87
5 37 0.34
6 7 0.59
6 8 0.57
6 9 0.53
6 10 0.22
6 11 0.72
6 12 0.35
6 13 0.8
6 14 0.61
6 15 1.03
6 16 0.32
6 17 0.7
6 18 0.14
6 19 0.13
6 20 0.59
6 21 0.33
6 22 0.63
6 23 0.62
6 24 0.54
6 25 0.21
6 26 0.34
6 27 0.66
6 28 0.25
6 29 0.07
6 30 0.21
6 31 0.3
6 32 0.68
6 33 0.6
6 34 0.05
6 35 0.7
6 36 0.81
6 37 0.33
7 8 0.82
7 9 0.57
7 10 0.56
7 11 0.24
7 12 0.91
7 13 0.7
7 14 0.48
7 15 0.74
7 16 0.9
7 17 0.79
7 18 0.48
7 19 0.45
7 20 0.16
7 21 0.56
7 22 0.1
7 23 0.98
7 24 0.48
7 25 0.69
7 26 0.83
7 27 0.19
7 28 0.3
7 29 0.57
7 30 0.67
7 31 0.3
7 32 0.29
7 33 0.84
7 34 0.58
7 35 1.03
7 36 0.74
7 37 0.34
8 9 0.28
8 10 0.35
8 11 1.09
8 12 0.45
8 13 0.47
8 14 0.5
8 15 0.77
8 16 0.8
8 17 0.37
8 18 0.43
8 19 0.43
8 20 0.79
8 21 0.31
8 22 0.97
8 23 0.18
8 24 0.42
8 25 0.73
8 26 0.35
8 27 1.01
8 28 0.69
8 29 0.47
8 30 0.37
8 31 0.77
8 32 0.63
8 33 0.05
8 34 0.51
8 35 0.19
8 36 0.36
8 37 0.83
9 10 0.29
9 11 0.77
9 12 0.55
9 13 0.32
9 14 0.22
9 15 0.51
9 16 0.78
9 17 0.3
9 18 0.39
9 19 0.35
9 20 0.51
9 21 0.18
9 22 0.75
9 23 0.4
9 24 0.18
9 25 0.72
9 26 0.45
9 27 0.84
9 28 0.46
9 29 0.42
9 30 0.34
9 31 0.63
9 32 0.46
9 33 0.31
9 34 0.42
9 35 0.44
9 36 0.31
9 37 0.67
10 11 0.76
10 12 0.34
10 13 0.57
10 14 0.43
10 15 0.86
10 16 0.55
10 17 0.58
10 18 0.14
10 19 0.13
10 20 0.58
10 21 0.11
10 22 0.67
10 23 0.43
10 24 0.38
10 25 0.41
10 26 0.27
10 27 0.71
10 28 0.32
10 29 0.14
10 30 0.1
10 31 0.44
10 32 0.57
10 33 0.43
10 34 0.17
10 35 0.53
10 36 0.54
10 37 0.47
11 12 1
11 13 0.93
11 14 0.74
11 15 0.98
11 16 0.85
11 17 1.07
11 18 0.72
11 19 0.67
11 20 0.37
11 21 0.77
11 22 0.16
11 23 1.2
11 24 0.78
11 25 0.76
11 26 1.04
11 27 0.07
11 28 0.48
11 29 0.73
11 30 0.86
11 31 0.39
11 32 0.5
11 33 1.12
11 34 0.71
11 35 1.34
11 36 1.13
11 37 0.36
12 13 0.89
12 14 0.76
12 15 1.1
12 16 0.44
12 17 0.77
12 18 0.43
12 19 0.37
12 20 0.83
12 21 0.4
12 22 0.98
12 23 0.4
12 24 0.7
12 25 0.4
12 26 0.11
12 27 0.95
12 28 0.6
12 29 0.3
12 30 0.25
12 31 0.66
12 32 0.83
12 33 0.5
12 34 0.32
12 35 0.52
12 36 0.85
12 37 0.71
13 14 0.23
13 15 0.25
13 16 1.18
13 17 0.16
13 18 0.61
13 19 0.68
13 20 0.51
13 21 0.51
13 22 0.81
13 23 0.63
13 24 0.26
13 25 0.89
13 26 0.84
13 27 0.83
13 28 0.78
13 29 0.75
13 30 0.66
13 31 0.83
13 32 0.45
13 33 0.49
13 34 0.67
13 35 0.58
13 36 0.11
13 37 0.89
14 15 0.42
14 16 0.87
14 17 0.33
14 18 0.44
14 19 0.46
14 20 0.34
14 21 0.37
14 22 0.57
14 23 0.71
14 24 0.05
14 25 0.81
14 26 0.63
14 27 0.72
14 28 0.48
14 29 0.58
14 30 0.56
14 31 0.56
14 32 0.25
14 33 0.51
14 34 0.54
14 35 0.69
14 36 0.31
14 37 0.62
15 16 1.44
15 17 0.37
15 18 0.85
15 19 0.87
15 20 0.63
15 21 0.75
15 22 0.83
15 23 0.94
15 24 0.43
15 25 1.17
15 26 1.06
15 27 0.98
15 28 0.84
15 29 1.02
15 30 0.88
15 31 0.93
15 32 0.45
15 33 0.74
15 34 0.9
15 35 0.83
15 36 0.34
15 37 1.05
16 17 1.08
16 18 0.48
16 19 0.46
16 20 0.99
16 21 0.62
16 22 0.87
16 23 0.87
16 24 0.88
16 25 0.16
16 26 0.49
16 27 0.87
16 28 0.57
16 29 0.4
16 30 0.51
16 31 0.54
16 32 0.98
16 33 0.81
16 34 0.39
16 35 0.97
16 36 1.09
16 37 0.54
17 18 0.64
17 19 0.7
17 20 0.65
17 21 0.45
17 22 0.88
17 23 0.51
17 24 0.3
17 25 1.03
17 26 0.71
17 27 1.05
17 28 0.83
17 29 0.7
17 30 0.63
17 31 0.88
17 32 0.56
17 33 0.34
17 34 0.74
17 35 0.48
17 36 0.04
17 37 1
18 19 0.02
18 20 0.49
18 21 0.22
18 22 0.58
18 23 0.58
18 24 0.41
18 25 0.33
18 26 0.39
18 27 0.6
18 28 0.21
18 29 0.16
18 30 0.2
18 31 0.27
18 32 0.48
18 33 0.56
18 34 0.13
18 35 0.62
18 36 0.68
18 37 0.32
19 20 0.5
19 21 0.2
19 22 0.61
19 23 0.61
19 24 0.44
19 25 0.34
19 26 0.38
19 27 0.65
19 28 0.2
19 29 0.12
19 30 0.16
19 31 0.29
19 32 0.54
19 33 0.55
19 34 0.09
19 35 0.65
19 36 0.65
19 37 0.36
20 21 0.51
20 22 0.26
20 23 0.94
20 24 0.35
20 25 0.75
20 26 0.86
20 27 0.34
20 28 0.37
20 29 0.59
20 30 0.66
20 31 0.43
20 32 0.1
20 33 0.83
20 34 0.62
20 35 0.95
20 36 0.67
20 37 0.45
21 22 0.74
21 23 0.43
21 24 0.3
21 25 0.47
21 26 0.29
21 27 0.73
21 28 0.4
21 29 0.28
21 30 0.17
21 31 0.47
21 32 0.52
21 33 0.34
21 34 0.26
21 35 0.43
21 36 0.49
21 37 0.5
22 23 1.12
22 24 0.55
22 25 0.8
22 26 0.95
22 27 0.1
22 28 0.44
22 29 0.69
22 30 0.82
22 31 0.39
22 32 0.33
22 33 0.98
22 34 0.66
22 35 1.2
22 36 0.79
22 37 0.42
23 24 0.63
23 25 0.71
23 26 0.3
23 27 1.14
23 28 0.73
23 29 0.51
23 30 0.4
23 31 0.87
23 32 0.93
23 33 0.15
23 34 0.55
23 35 0.1
23 36 0.55
23 37 0.96
24 25 0.78
24 26 0.66
24 27 0.7
24 28 0.53
24 29 0.56
24 30 0.5
24 31 0.55
24 32 0.28
24 33 0.45
24 34 0.52
24 35 0.66
24 36 0.3
24 37 0.65
25 26 0.46
25 27 0.79
25 28 0.39
25 29 0.25
25 30 0.4
25 31 0.4
25 32 0.82
25 33 0.76
25 34 0.23
25 35 0.84
25 36 0.96
25 37 0.38
26 27 0.99
26 28 0.61
26 29 0.3
26 30 0.19
26 31 0.63
26 32 0.82
26 33 0.35
26 34 0.31
26 35 0.36
26 36 0.67
26 37 0.76
27 28 0.42
27 29 0.74
27 30 0.82
27 31 0.37
27 32 0.47
27 33 1.05
27 34 0.68
27 35 1.14
27 36 0.96
27 37 0.37
28 29 0.29
28 30 0.4
28 31 0.09
28 32 0.48
28 33 0.68
28 34 0.27
28 35 0.86
28 36 0.74
28 37 0.16
29 30 0.15
29 31 0.38
29 32 0.67
29 33 0.48
29 34 0.03
29 35 0.64
29 36 0.72
29 37 0.39
30 31 0.47
30 32 0.64
30 33 0.41
30 34 0.16
30 35 0.46
30 36 0.66
30 37 0.51
31 32 0.5
31 33 0.84
31 34 0.3
31 35 0.99
31 36 0.87
31 37 0.07
32 33 0.76
32 34 0.61
32 35 0.89
32 36 0.51
32 37 0.54
33 34 0.52
33 35 0.16
33 36 0.38
33 37 0.83
34 35 0.61
34 36 0.7
34 37 0.38
35 36 0.5
35 37 0.94
36 37 0.9