0 1 0.44
0 2 0.83
0 3 1.03
0 4 0.05
0 5 0.73
0 6 0.53
0 7 0.97
0 8 0.25
0 9 0.21
0 10 0.69
0 11 0.33
0 12 0.21
0 13 0.58
0 14 0.03
0 15 0.49
0 16 0.88
0 17 0.45
0 18 0.18
0 19 0.16
0 20 0.5
0 21 0.17
0 22 1
0 23 0.48
0 24 0.77
0 25 0.39
0 26 0.57
0 27 0.84
0 28 0.75
0 29 0.61
0 30 0.42
0 31 0.38
0 32 0.73
0 33 0.22
0 34 0.89
0 35 0.95
0 36 0.72
0 37 1.08
0 38 0.4
1 2 0.45
1 3 0.58
1 4 0.37
1 5 0.3
1 6 0.68
1 7 0.45
1 8 0.37
1 9 0.26
1 10 0.3
1 11 0.42
1 12 0.21
1 13 0.83
1 14 0.43
1 15 0.13
1 16 0.35
1 17 0.37
1 18 0.28
1 19 0.5
1 20 0.09
1 21 0.62
1 22 0.54
1 23 0.12
1 24 0.55
1 25 0.46
1 26 0.55
1 27 0.84
1 28 0.91
1 29 0.16
1 30 0.75
1 31 0.06
1 32 0.34
1 33 0.26
1 34 0.78
1 35 0.7
1 36 0.75
1 37 0.84
1 38 0.12
2 3 0.36
2 4 0.8
2 5 0.28
2 6 0.76
2 7 0.31
2 8 0.63
2 9 0.56
2 10 0.16
2 11 0.58
2 12 0.56
2 13 0.9
2 14 0.84
2 15 0.35
2 16 0.26
2 17 0.44
2 18 0.69
2 19 0.98
2 20 0.53
2 21 0.81
2 22 0.3
2 23 0.48
2 24 0.23
2 25 0.92
2 26 0.45
2 27 0.67
2 28 0.99
2 29 0.34
2 30 0.99
2 31 0.51
2 32 0.18
2 33 0.7
2 34 0.44
2 35 0.23
2 36 0.76
2 37 0.44
2 38 0.38
3 4 0.98
3 5 0.31
3 6 1.1
3 7 0.14
3 8 0.95
3 9 0.84
3 10 0.3
3 11 0.88
3 12 0.83
3 13 1.26
3 14 1.05
3 15 0.52
3 16 0.2
3 17 0.7
3 18 0.87
3 19 1.11
3 20 0.57
3 21 1.07
3 22 0.09
3 23 0.67
3 24 0.58
3 25 1.1
3 26 0.82
3 27 1
3 28 1.36
3 29 0.48
3 30 1.22
3 31 0.6
3 32 0.3
3 33 0.8
3 34 0.77
3 35 0.53
3 36 1.19
3 37 0.72
3 38 0.58
4 5 0.68
4 6 0.52
4 7 0.87
4 8 0.25
4 9 0.15
4 10 0.67
4 11 0.27
4 12 0.18
4 13 0.52
4 14 0.07
4 15 0.46
4 16 0.72
4 17 0.4
4 18 0.15
4 19 0.19
4 20 0.43
4 21 0.19
4 22 0.92
4 23 0.44
4 24 0.72
4 25 0.42
4 26 0.53
4 27 0.81
4 28 0.77
4 29 0.61
4 30 0.41
4 31 0.34
4 32 0.69
4 33 0.18
4 34 0.85
4 35 0.87
4 36 0.71
4 37 1.11
4 38 0.39
5 6 0.84
5 7 0.18
5 8 0.67
5 9 0.52
5 10 0.11
5 11 0.63
5 12 0.48
5 13 1
5 14 0.72
5 15 0.2
5 16 0.1
5 17 0.44
5 18 0.56
5 19 0.72
5 20 0.25
5 21 0.91
5 22 0.29
5 23 0.3
5 24 0.49
5 25 0.8
5 26 0.62
5 27 0.92
5 28 1.16
5 29 0.14
5 30 0.96
5 31 0.38
5 32 0.12
5 33 0.52
5 34 0.74
5 35 0.52
5 36 0.93
5 37 0.81
5 38 0.31
6 7 1.07
6 8 0.31
6 9 0.45
6 10 0.73
6 11 0.3
6 12 0.55
6 13 0.21
6 14 0.62
6 15 0.6
6 16 0.93
6 17 0.4
6 18 0.49
6 19 0.72
6 20 0.76
6 21 0.47
6 22 0.98
6 23 0.85
6 24 0.61
6 25 0.89
6 26 0.26
6 27 0.32
6 28 0.26
6 29 0.79
6 30 0.35
6 31 0.62
6 32 0.85
6 33 0.69
6 34 0.53
6 35 0.81
6 36 0.17
6 37 0.76
6 38 0.56
7 8 0.73
7 9 0.74
7 10 0.22
7 11 0.75
7 12 0.66
7 13 1.19
7 14 0.92
7 15 0.36
7 16 0.09
7 17 0.64
7 18 0.72
7 19 0.96
7 20 0.41
7 21 1.09
7 22 0.16
7 23 0.51
7 24 0.57
7 25 0.89
7 26 0.74
7 27 1.07
7 28 1.33
7 29 0.31
7 30 1.18
7 31 0.49
7 32 0.17
7 33 0.72
7 34 0.79
7 35 0.48
7 36 0.98
7 37 0.75
7 38 0.46
8 9 0.16
8 10 0.54
8 11 0.06
8 12 0.24
8 13 0.42
8 14 0.27
8 15 0.39
8 16 0.69
8 17 0.23
8 18 0.17
8 19 0.42
8 20 0.46
8 21 0.32
8 22 0.84
8 23 0.46
8 24 0.6
8 25 0.63
8 26 0.35
8 27 0.55
8 28 0.53
8 29 0.51
8 30 0.38
8 31 0.36
8 32 0.61
8 33 0.38
8 34 0.6
8 35 0.76
8 36 0.44
8 37 0.88
8 38 0.29
9 10 0.46
9 11 0.19
9 12 0.09
9 13 0.54
9 14 0.25
9 15 0.32
9 16 0.61
9 17 0.3
9 18 0.03
9 19 0.34
9 20 0.38
9 21 0.31
9 22 0.86
9 23 0.34
9 24 0.57
9 25 0.45
9 26 0.45
9 27 0.68
9 28 0.69
9 29 0.39
9 30 0.51
9 31 0.24
9 32 0.52
9 33 0.22
9 34 0.69
9 35 0.75
9 36 0.66
9 37 0.92
9 38 0.21
10 11 0.51
10 12 0.51
10 13 0.91
10 14 0.79
10 15 0.2
10 16 0.13
10 17 0.39
10 18 0.53
10 19 0.75
10 20 0.33
10 21 0.83
10 22 0.27
10 23 0.38
10 24 0.39
10 25 0.78
10 26 0.56
10 27 0.87
10 28 1.03
10 29 0.18
10 30 0.95
10 31 0.37
10 32 0.05
10 33 0.56
10 34 0.63
10 35 0.37
10 36 0.8
10 37 0.7
10 38 0.26
11 12 0.29
11 13 0.43
11 14 0.32
11 15 0.41
11 16 0.63
11 17 0.18
11 18 0.22
11 19 0.46
11 20 0.49
11 21 0.34
11 22 0.81
11 23 0.49
11 24 0.54
11 25 0.65
11 26 0.3
11 27 0.55
11 28 0.55
11 29 0.49
11 30 0.39
11 31 0.4
11 32 0.57
11 33 0.39
11 34 0.57
11 35 0.74
11 36 0.42
11 37 0.81
11 38 0.27
12 13 0.65
12 14 0.25
12 15 0.31
12 16 0.54
12 17 0.34
12 18 0.07
12 19 0.32
12 20 0.25
12 21 0.36
12 22 0.84
12 23 0.26
12 24 0.64
12 25 0.44
12 26 0.57
12 27 0.86
12 28 0.81
12 29 0.36
12 30 0.54
12 31 0.14
12 32 0.58
12 33 0.12
12 34 0.76
12 35 0.75
12 36 0.71
12 37 1.01
12 38 0.2
13 14 0.56
13 15 0.74
13 16 1.07
13 17 0.58
13 18 0.53
13 19 0.66
13 20 0.96
13 21 0.46
13 22 1.09
13 23 0.92
13 24 0.75
13 25 1.05
13 26 0.44
13 27 0.49
13 28 0.17
13 29 0.91
13 30 0.2
13 31 0.81
13 32 1.01
13 33 0.71
13 34 0.72
13 35 0.93
13 36 0.3
13 37 0.97
13 38 0.75
14 15 0.56
14 16 0.8
14 17 0.47
14 18 0.22
14 19 0.15
14 20 0.5
14 21 0.15
14 22 1.08
14 23 0.51
14 24 0.76
14 25 0.4
14 26 0.62
14 27 0.81
14 28 0.67
14 29 0.6
14 30 0.38
14 31 0.36
14 32 0.75
14 33 0.24
14 34 0.91
14 35 0.98
14 36 0.66
14 37 1.23
14 38 0.4
15 16 0.29
15 17 0.3
15 18 0.32
15 19 0.58
15 20 0.19
15 21 0.62
15 22 0.46
15 23 0.24
15 24 0.42
15 25 0.59
15 26 0.49
15 27 0.76
15 28 0.88
15 29 0.14
15 30 0.75
15 31 0.2
15 32 0.24
15 33 0.41
15 34 0.62
15 35 0.59
15 36 0.7
15 37 0.75
15 38 0.09
16 17 0.53
16 18 0.58
16 19 0.86
16 20 0.34
16 21 0.97
16 22 0.2
16 23 0.37
16 24 0.44
16 25 0.85
16 26 0.69
16 27 0.91
16 28 1.19
16 29 0.22
16 30 1.03
16 31 0.42
16 32 0.09
16 33 0.64
16 34 0.65
16 35 0.48
16 36 0.93
16 37 0.72
16 38 0.42
17 18 0.32
17 19 0.62
17 20 0.41
17 21 0.51
17 22 0.69
17 23 0.43
17 24 0.33
17 25 0.72
17 26 0.2
17 27 0.52
17 28 0.62
17 29 0.45
17 30 0.56
17 31 0.4
17 32 0.43
17 33 0.44
17 34 0.43
17 35 0.55
17 36 0.47
17 37 0.67
17 38 0.23
18 19 0.3
18 20 0.34
18 21 0.3
18 22 0.83
18 23 0.34
18 24 0.61
18 25 0.42
18 26 0.5
18 27 0.8
18 28 0.72
18 29 0.42
18 30 0.49
18 31 0.21
18 32 0.59
18 33 0.17
18 34 0.73
18 35 0.82
18 36 0.61
18 37 0.9
18 38 0.26
19 20 0.51
19 21 0.26
19 22 1.07
19 23 0.5
19 24 0.86
19 25 0.25
19 26 0.75
19 27 0.94
19 28 0.9
19 29 0.66
19 30 0.56
19 31 0.39
19 32 0.85
19 33 0.2
19 34 1.02
19 35 1.06
19 36 0.79
19 37 1.21
19 38 0.48
20 21 0.67
20 22 0.53
20 23 0.05
20 24 0.65
20 25 0.47
20 26 0.66
20 27 0.99
20 28 1.05
20 29 0.12
20 30 0.9
20 31 0.12
20 32 0.37
20 33 0.3
20 34 0.78
20 35 0.69
20 36 0.92
20 37 0.96
20 38 0.21
21 22 1.21
21 23 0.63
21 24 0.88
21 25 0.56
21 26 0.61
21 27 0.75
21 28 0.59
21 29 0.69
21 30 0.27
21 31 0.49
21 32 0.94
21 33 0.37
21 34 0.97
21 35 0.97
21 36 0.68
21 37 1.05
21 38 0.55
22 23 0.6
22 24 0.49
22 25 0.95
22 26 0.72
22 27 1.01
22 28 1.22
22 29 0.45
22 30 1.16
22 31 0.65
22 32 0.25
22 33 0.88
22 34 0.67
22 35 0.39
22 36 0.97
22 37 0.69
22 38 0.59
23 24 0.68
23 25 0.45
23 26 0.62
23 27 0.94
23 28 1.06
23 29 0.15
23 30 0.84
23 31 0.12
23 32 0.38
23 33 0.28
23 34 0.8
23 35 0.7
23 36 0.84
23 37 1.05
23 38 0.23
24 25 1.03
24 26 0.31
24 27 0.46
24 28 0.81
24 29 0.59
24 30 0.88
24 31 0.57
24 32 0.39
24 33 0.74
24 34 0.2
24 35 0.23
24 36 0.54
24 37 0.32
24 38 0.47
25 26 0.87
25 27 1.18
25 28 1.11
25 29 0.59
25 30 0.76
25 31 0.42
25 32 0.89
25 33 0.28
25 34 1.2
25 35 1.1
25 36 1.2
25 37 1.37
25 38 0.57
26 27 0.3
26 28 0.47
26 29 0.64
26 30 0.55
26 31 0.56
26 32 0.56
26 33 0.63
26 34 0.28
26 35 0.52
26 36 0.25
26 37 0.5
26 38 0.45
27 28 0.38
27 29 0.9
27 30 0.66
27 31 0.94
27 32 0.76
27 33 0.92
27 34 0.29
27 35 0.61
27 36 0.17
27 37 0.48
27 38 0.72
28 29 1.03
28 30 0.37
28 31 0.86
28 32 1.02
28 33 0.94
28 34 0.68
28 35 0.97
28 36 0.27
28 37 0.93
28 38 0.86
29 30 0.89
29 31 0.2
29 32 0.23
29 33 0.4
29 34 0.7
29 35 0.64
29 36 0.89
29 37 0.87
29 38 0.21
30 31 0.74
30 32 0.96
30 33 0.61
30 34 0.85
30 35 1.13
30 36 0.51
30 37 0.97
30 38 0.65
31 32 0.42
31 33 0.2
31 34 0.72
31 35 0.71
31 36 0.77
31 37 0.88
31 38 0.15
32 33 0.65
32 34 0.56
32 35 0.43
32 36 0.89
32 37 0.61
32 38 0.31
33 34 0.8
33 35 0.85
33 36 0.8
33 37 1.08
33 38 0.32
34 35 0.33
34 36 0.44
34 37 0.23
34 38 0.6
35 36 0.7
35 37 0.29
35 38 0.6
36 37 0.74
36 38 0.7
37 38 0.7