0 1 0.44
0 2 0.67
0 3 0.21
0 4 0.88
0 5 0.18
0 6 0.32
0 7 0.65
0 8 0.72
0 9 0.47
0 10 0.79
0 11 0.31
0 12 0.5
0 13 0.14
0 14 0.6
0 15 0.1
0 16 0.97
0 17 0.62
0 18 0.63
0 19 0.84
0 20 0.32
0 21 0.48
0 22 0.72
0 23 0.55
0 24 0.1
0 25 0.89
0 26 0.12
0 27 0.68
0 28 0.35
0 29 0.3
0 30 0.21
0 31 0.58
0 32 0.51
0 33 0.87
0 34 0.68
0 35 0.95
0 36 0.49
0 37 0.53
0 38 0.43
1 2 0.77
1 3 0.58
1 4 0.91
1 5 0.54
1 6 0.11
1 7 0.68
1 8 0.66
1 9 0.95
1 10 0.58
1 11 0.28
1 12 0.93
1 13 0.47
1 14 0.89
1 15 0.5
1 16 0.83
1 17 0.17
1 18 0.3
1 19 0.94
1 20 0.43
1 21 0.12
1 22 0.37
1 23 0.11
1 24 0.54
1 25 1.05
1 26 0.44
1 27 0.49
1 28 0.84
1 29 0.73
1 30 0.46
1 31 0.85
1 32 0.38
1 33 0.92
1 34 0.44
1 35 1.18
1 36 0.09
1 37 0.88
1 38 0.87
2 3 0.57
2 4 0.27
2 5 0.85
2 6 0.73
2 7 0.2
2 8 0.15
2 9 1.03
2 10 0.43
2 11 0.82
2 12 0.64
2 13 0.5
2 14 0.21
2 15 0.59
2 16 0.51
2 17 0.93
2 18 0.61
2 19 0.17
2 20 0.48
2 21 0.72
2 22 0.76
2 23 0.76
2 24 0.66
2 25 0.32
2 26 0.76
2 27 0.52
2 28 0.89
2 29 0.82
2 30 0.49
2 31 0.38
2 32 0.44
2 33 0.17
2 34 0.67
2 35 0.45
2 36 0.91
2 37 0.55
2 38 0.62
3 4 0.93
3 5 0.32
3 6 0.5
3 7 0.57
3 8 0.64
3 9 0.45
3 10 0.77
3 11 0.48
3 12 0.29
3 13 0.19
3 14 0.51
3 15 0.16
3 16 1.04
3 17 0.86
3 18 0.7
3 19 0.75
3 20 0.33
3 21 0.6
3 22 0.79
3 23 0.72
3 24 0.12
3 25 0.76
3 26 0.32
3 27 0.7
3 28 0.31
3 29 0.23
3 30 0.2
3 31 0.37
3 32 0.56
3 33 0.74
3 34 0.9
3 35 0.78
3 36 0.65
3 37 0.31
3 38 0.24
4 5 1
4 6 0.9
4 7 0.26
4 8 0.25
4 9 1.28
4 10 0.29
4 11 1.06
4 12 1.08
4 13 0.78
4 14 0.53
4 15 0.87
4 16 0.25
4 17 0.98
4 18 0.6
4 19 0.15
4 20 0.56
4 21 0.75
4 22 0.65
4 23 0.83
4 24 0.88
4 25 0.52
4 26 1.03
4 27 0.43
4 28 1.15
4 29 1.1
4 30 0.64
4 31 0.71
4 32 0.5
4 33 0.22
4 34 0.55
4 35 0.67
4 36 0.94
4 37 0.83
4 38 0.86
5 6 0.41
5 7 0.74
5 8 0.8
5 9 0.36
5 10 0.94
5 11 0.32
5 12 0.52
5 13 0.3
5 14 0.81
5 15 0.26
5 16 1.14
5 17 0.64
5 18 0.73
5 19 1.05
5 20 0.51
5 21 0.66
5 22 0.79
5 23 0.65
5 24 0.22
5 25 1.1
5 26 0.11
5 27 0.92
5 28 0.31
5 29 0.26
5 30 0.36
5 31 0.67
5 32 0.74
5 33 0.95
5 34 0.87
5 35 1.17
5 36 0.55
5 37 0.65
5 38 0.49
6 7 0.63
6 8 0.7
6 9 0.85
6 10 0.68
6 11 0.17
6 12 0.81
6 13 0.33
6 14 0.84
6 15 0.37
6 16 0.91
6 17 0.27
6 18 0.37
6 19 0.87
6 20 0.34
6 21 0.21
6 22 0.45
6 23 0.22
6 24 0.48
6 25 1.06
6 26 0.33
6 27 0.57
6 28 0.73
6 29 0.7
6 30 0.34
6 31 0.82
6 32 0.4
6 33 0.88
6 34 0.51
6 35 1.11
6 36 0.16
6 37 0.83
6 38 0.73
7 8 0.05
7 9 1.05
7 10 0.24
7 11 0.77
7 12 0.78
7 13 0.51
7 14 0.37
7 15 0.58
7 16 0.39
7 17 0.75
7 18 0.47
7 19 0.21
7 20 0.32
7 21 0.58
7 22 0.48
7 23 0.71
7 24 0.65
7 25 0.57
7 26 0.7
7 27 0.34
7 28 0.95
7 29 0.82
7 30 0.45
7 31 0.54
7 32 0.31
7 33 0.27
7 34 0.43
7 35 0.65
7 36 0.79
7 37 0.61
7 38 0.69
8 9 1.11
8 10 0.28
8 11 0.81
8 12 0.75
8 13 0.56
8 14 0.33
8 15 0.6
8 16 0.41
8 17 0.89
8 18 0.5
8 19 0.19
8 20 0.36
8 21 0.63
8 22 0.54
8 23 0.75
8 24 0.64
8 25 0.5
8 26 0.81
8 27 0.4
8 28 0.93
8 29 0.79
8 30 0.44
8 31 0.44
8 32 0.34
8 33 0.22
8 34 0.52
8 35 0.57
8 36 0.77
8 37 0.54
8 38 0.63
9 10 1.3
9 11 0.72
9 12 0.37
9 13 0.55
9 14 0.86
9 15 0.5
9 16 1.38
9 17 1.12
9 18 1.1
9 19 1.23
9 20 0.83
9 21 0.97
9 22 1.2
9 23 1.03
9 24 0.4
9 25 1.12
9 26 0.48
9 27 1.14
9 28 0.12
9 29 0.21
9 30 0.62
9 31 0.71
9 32 0.96
9 33 1.16
9 34 1.27
9 35 1.07
9 36 0.89
9 37 0.61
9 38 0.44
10 11 0.81
10 12 1.01
10 13 0.62
10 14 0.68
10 15 0.75
10 16 0.24
10 17 0.66
10 18 0.31
10 19 0.38
10 20 0.45
10 21 0.52
10 22 0.31
10 23 0.59
10 24 0.79
10 25 0.82
10 26 0.83
10 27 0.14
10 28 1.09
10 29 1.1
10 30 0.55
10 31 0.83
10 32 0.28
10 33 0.48
10 34 0.26
10 35 0.87
10 36 0.69
10 37 0.84
10 38 0.89
11 12 0.82
11 13 0.35
11 14 0.94
11 15 0.35
11 16 1.09
11 17 0.39
11 18 0.53
11 19 0.98
11 20 0.42
11 21 0.37
11 22 0.64
11 23 0.37
11 24 0.36
11 25 1.08
11 26 0.22
11 27 0.66
11 28 0.58
11 29 0.51
11 30 0.39
11 31 0.85
11 32 0.55
11 33 1.04
11 34 0.69
11 35 1.25
11 36 0.26
11 37 0.85
11 38 0.69
12 13 0.48
12 14 0.51
12 15 0.48
12 16 1.19
12 17 1
12 18 0.99
12 19 0.8
12 20 0.61
12 21 1.03
12 22 1.03
12 23 1.02
12 24 0.4
12 25 0.77
12 26 0.61
12 27 0.94
12 28 0.39
12 29 0.32
12 30 0.44
12 31 0.33
12 32 0.79
12 33 0.8
12 34 1.14
12 35 0.71
12 36 1
12 37 0.19
12 38 0.08
13 14 0.52
13 15 0.07
13 16 0.91
13 17 0.64
13 18 0.49
13 19 0.65
13 20 0.22
13 21 0.45
13 22 0.61
13 23 0.54
13 24 0.14
13 25 0.82
13 26 0.24
13 27 0.55
13 28 0.46
13 29 0.42
13 30 0.07
13 31 0.49
13 32 0.38
13 33 0.77
13 34 0.63
13 35 0.79
13 36 0.51
13 37 0.46
13 38 0.4
14 15 0.52
14 16 0.74
14 17 1.03
14 18 0.79
14 19 0.37
14 20 0.5
14 21 0.93
14 22 0.78
14 23 0.85
14 24 0.58
14 25 0.27
14 26 0.8
14 27 0.68
14 28 0.81
14 29 0.67
14 30 0.45
14 31 0.18
14 32 0.57
14 33 0.35
14 34 0.86
14 35 0.35
14 36 0.94
14 37 0.3
14 38 0.38
15 16 0.96
15 17 0.67
15 18 0.57
15 19 0.7
15 20 0.29
15 21 0.52
15 22 0.68
15 23 0.58
15 24 0.08
15 25 0.88
15 26 0.2
15 27 0.72
15 28 0.37
15 29 0.34
15 30 0.13
15 31 0.47
15 32 0.5
15 33 0.74
15 34 0.69
15 35 0.89
15 36 0.55
15 37 0.43
15 38 0.34
16 17 0.91
16 18 0.53
16 19 0.39
16 20 0.65
16 21 0.77
16 22 0.49
16 23 0.81
16 24 1.04
16 25 0.79
16 26 1.17
16 27 0.37
16 28 1.4
16 29 1.26
16 30 0.83
16 31 0.96
16 32 0.47
16 33 0.44
16 34 0.47
16 35 0.94
16 36 0.97
16 37 1.04
16 38 1.02
17 18 0.41
17 19 0.94
17 20 0.56
17 21 0.21
17 22 0.39
17 23 0.13
17 24 0.79
17 25 1.32
17 26 0.61
17 27 0.56
17 28 0.95
17 29 0.96
17 30 0.63
17 31 1
17 32 0.52
17 33 1.11
17 34 0.5
17 35 1.32
17 36 0.14
17 37 1.09
17 38 1.06
18 19 0.7
18 20 0.31
18 21 0.2
18 22 0.1
18 23 0.25
18 24 0.66
18 25 0.94
18 26 0.67
18 27 0.19
18 28 1.05
18 29 0.88
18 30 0.47
18 31 0.84
18 32 0.18
18 33 0.76
18 34 0.15
18 35 1.2
18 36 0.39
18 37 0.85
18 38 0.83
19 20 0.5
19 21 0.87
19 22 0.73
19 23 0.89
19 24 0.84
19 25 0.36
19 26 0.92
19 27 0.5
19 28 0.99
19 29 1
19 30 0.61
19 31 0.55
19 32 0.56
19 33 0.05
19 34 0.67
19 35 0.53
19 36 1.03
19 37 0.68
19 38 0.81
20 21 0.33
20 22 0.45
20 23 0.44
20 24 0.36
20 25 0.76
20 26 0.41
20 27 0.37
20 28 0.65
20 29 0.56
20 30 0.16
20 31 0.53
20 32 0.22
20 33 0.6
20 34 0.47
20 35 0.85
20 36 0.5
20 37 0.51
20 38 0.57
21 22 0.24
21 23 0.08
21 24 0.62
21 25 1.13
21 26 0.54
21 27 0.36
21 28 0.88
21 29 0.8
21 30 0.45
21 31 0.92
21 32 0.31
21 33 0.87
21 34 0.32
21 35 1.19
21 36 0.21
21 37 0.95
21 38 0.96
22 23 0.32
22 24 0.76
22 25 1.03
22 26 0.71
22 27 0.19
22 28 1.04
22 29 0.95
22 30 0.56
22 31 0.88
22 32 0.25
22 33 0.75
22 34 0.07
22 35 1.13
22 36 0.43
22 37 1.01
22 38 1.06
23 24 0.64
23 25 1.13
23 26 0.56
23 27 0.42
23 28 1.02
23 29 0.95
23 30 0.54
23 31 0.88
23 32 0.41
23 33 0.95
23 34 0.35
23 35 1.2
23 36 0.16
23 37 1.01
23 38 0.95
24 25 0.87
24 26 0.19
24 27 0.78
24 28 0.3
24 29 0.24
24 30 0.2
24 31 0.48
24 32 0.56
24 33 0.84
24 34 0.81
24 35 0.92
24 36 0.57
24 37 0.43
24 38 0.33
25 26 1.1
25 27 0.89
25 28 1
25 29 1.02
25 30 0.74
25 31 0.43
25 32 0.8
25 33 0.29
25 34 1.04
25 35 0.17
25 36 1.2
25 37 0.54
25 38 0.64
26 27 0.79
26 28 0.35
26 29 0.31
26 30 0.3
26 31 0.69
26 32 0.57
26 33 0.92
26 34 0.88
26 35 1.04
26 36 0.49
26 37 0.65
26 38 0.54
27 28 1.03
27 29 0.95
27 30 0.53
27 31 0.77
27 32 0.18
27 33 0.55
27 34 0.12
27 35 1.05
27 36 0.61
27 37 0.8
27 38 0.9
28 29 0.09
28 30 0.52
28 31 0.6
28 32 0.83
28 33 1.03
28 34 1.13
28 35 0.95
28 36 0.83
28 37 0.51
28 38 0.42
29 30 0.45
29 31 0.59
29 32 0.74
29 33 1.01
29 34 0.99
29 35 0.95
29 36 0.8
29 37 0.45
29 38 0.32
30 31 0.41
30 32 0.37
30 33 0.72
30 34 0.57
30 35 0.84
30 36 0.59
30 37 0.46
30 38 0.39
31 32 0.69
31 33 0.49
31 34 0.92
31 35 0.45
31 36 1
31 37 0.11
31 38 0.26
32 33 0.53
32 34 0.25
32 35 0.88
32 36 0.46
32 37 0.7
32 38 0.77
33 34 0.75
33 35 0.44
33 36 1.07
33 37 0.59
33 38 0.74
34 35 1.07
34 36 0.48
34 37 0.95
34 38 1.06
35 36 1.33
35 37 0.5
35 38 0.61
36 37 0.96
36 38 0.98
37 38 0.14