0 1 0.23
0 2 0.69
0 3 0.21
0 4 0.37
0 5 0.57
0 6 0.83
0 7 0.25
0 8 0.61
0 9 0.64
0 10 0.55
0 11 0.75
0 12 0.38
0 13 0.41
0 14 0.48
0 15 0.03
0 16 0.15
0 17 0.41
0 18 0.59
0 19 0.76
0 20 0.62
0 21 0.08
0 22 0.31
0 23 0.51
0 24 0.56
0 25 0.48
0 26 0.43
0 27 0.69
0 28 0.39
0 29 0.32
0 30 0.34
0 31 0.4
0 32 0.34
0 33 0.5
0 34 0.16
0 35 0.55
0 36 0.2
1 2 0.44
1 3 0.22
1 4 0.54
1 5 0.47
1 6 0.59
1 7 0.35
1 8 0.53
1 9 0.47
1 10 0.33
1 11 0.65
1 12 0.19
1 13 0.29
1 14 0.26
1 15 0.28
1 16 0.18
1 17 0.21
1 18 0.79
1 19 0.46
1 20 0.39
1 21 0.19
1 22 0.23
1 23 0.3
1 24 0.42
1 25 0.55
1 26 0.6
1 27 0.63
1 28 0.6
1 29 0.54
1 30 0.52
1 31 0.67
1 32 0.58
1 33 0.53
1 34 0.38
1 35 0.71
1 36 0.47
2 3 0.61
2 4 0.85
2 5 0.55
2 6 0.38
2 7 0.68
2 8 0.64
2 9 0.55
2 10 0.25
2 11 0.59
2 12 0.26
2 13 0.45
2 14 0.26
2 15 0.73
2 16 0.59
2 17 0.33
2 18 1.09
2 19 0.1
2 20 0.23
2 21 0.61
2 22 0.53
2 23 0.32
2 24 0.47
2 25 0.91
2 26 1.05
2 27 0.63
2 28 0.97
2 29 1.05
2 30 0.81
2 31 1.02
2 32 0.93
2 33 0.7
2 34 0.79
2 35 1.13
2 36 0.89
3 4 0.6
3 5 0.68
3 6 0.88
3 7 0.46
3 8 0.45
3 9 0.46
3 10 0.53
3 11 0.58
3 12 0.39
3 13 0.5
3 14 0.36
3 15 0.19
3 16 0.31
3 17 0.33
3 18 0.58
3 19 0.56
3 20 0.52
3 21 0.21
3 22 0.42
3 23 0.35
3 24 0.35
3 25 0.31
3 26 0.36
3 27 0.49
3 28 0.38
3 29 0.46
3 30 0.27
3 31 0.48
3 32 0.42
3 33 0.73
3 34 0.26
3 35 0.5
3 36 0.29
4 5 0.44
4 6 0.88
4 7 0.16
4 8 0.93
4 9 1.02
4 10 0.66
4 11 1.14
4 12 0.66
4 13 0.4
4 14 0.79
4 15 0.36
4 16 0.33
4 17 0.78
4 18 0.85
4 19 0.95
4 20 0.91
4 21 0.37
4 22 0.37
4 23 0.8
4 24 0.92
4 25 0.83
4 26 0.67
4 27 1.06
4 28 0.61
4 29 0.4
4 30 0.65
4 31 0.69
4 32 0.55
4 33 0.31
4 34 0.44
4 35 0.86
4 36 0.42
5 6 0.33
5 7 0.38
5 8 0.94
5 9 0.91
5 10 0.32
5 11 1.03
5 12 0.43
5 13 0.17
5 14 0.63
5 15 0.58
5 16 0.41
5 17 0.58
5 18 1.17
5 19 0.65
5 20 0.69
5 21 0.46
5 22 0.26
5 23 0.69
5 24 0.8
5 25 0.96
5 26 0.9
5 27 1.02
5 28 0.99
5 29 0.85
5 30 0.93
5 31 1.07
5 32 0.91
5 33 0.18
5 34 0.71
5 35 1.07
5 36 0.76
6 7 0.73
6 8 0.96
6 9 0.93
6 10 0.28
6 11 1.05
6 12 0.49
6 13 0.45
6 14 0.58
6 15 0.79
6 16 0.66
6 17 0.66
6 18 1.46
6 19 0.46
6 20 0.66
6 21 0.73
6 22 0.54
6 23 0.69
6 24 0.86
6 25 1.17
6 26 1.11
6 27 1.05
6 28 1.07
6 29 1.19
6 30 1.11
6 31 1.23
6 32 1.08
6 33 0.49
6 34 0.99
6 35 1.39
6 36 0.94
7 8 0.85
7 9 0.84
7 10 0.54
7 11 1.03
7 12 0.46
7 13 0.27
7 14 0.6
7 15 0.26
7 16 0.15
7 17 0.58
7 18 0.77
7 19 0.74
7 20 0.76
7 21 0.2
7 22 0.18
7 23 0.66
7 24 0.79
7 25 0.7
7 26 0.6
7 27 0.87
7 28 0.56
7 29 0.44
7 30 0.56
7 31 0.64
7 32 0.51
7 33 0.32
7 34 0.34
7 35 0.78
7 36 0.38
8 9 0.15
8 10 0.76
8 11 0.27
8 12 0.57
8 13 0.83
8 14 0.41
8 15 0.63
8 16 0.68
8 17 0.43
8 18 0.67
8 19 0.56
8 20 0.46
8 21 0.67
8 22 0.73
8 23 0.33
8 24 0.16
8 25 0.37
8 26 0.58
8 27 0.09
8 28 0.75
8 29 0.87
8 30 0.5
8 31 0.77
8 32 0.75
8 33 1.12
8 34 0.72
8 35 0.6
8 36 0.66
9 10 0.66
9 11 0.19
9 12 0.5
9 13 0.81
9 14 0.31
9 15 0.63
9 16 0.67
9 17 0.31
9 18 0.79
9 19 0.41
9 20 0.31
9 21 0.61
9 22 0.77
9 23 0.22
9 24 0.1
9 25 0.46
9 26 0.72
9 27 0.14
9 28 0.84
9 29 0.88
9 30 0.62
9 31 0.83
9 32 0.77
9 33 1.02
9 34 0.74
9 35 0.68
9 36 0.73
10 11 0.76
10 12 0.19
10 13 0.28
10 14 0.34
10 15 0.57
10 16 0.48
10 17 0.38
10 18 1.18
10 19 0.33
10 20 0.43
10 21 0.44
10 22 0.33
10 23 0.42
10 24 0.63
10 25 0.95
10 26 0.9
10 27 0.79
10 28 0.89
10 29 0.8
10 30 0.83
10 31 0.97
10 32 0.85
10 33 0.48
10 34 0.72
10 35 1
10 36 0.75
11 12 0.62
11 13 0.95
11 14 0.41
11 15 0.81
11 16 0.83
11 17 0.47
11 18 1.05
11 19 0.44
11 20 0.31
11 21 0.83
11 22 0.84
11 23 0.35
11 24 0.27
11 25 0.67
11 26 0.91
11 27 0.22
11 28 0.97
11 29 1.08
11 30 0.87
11 31 0.97
11 32 1.1
11 33 1.04
11 34 0.86
11 35 0.86
11 36 0.9
12 13 0.28
12 14 0.19
12 15 0.42
12 16 0.32
12 17 0.18
12 18 0.94
12 19 0.29
12 20 0.3
12 21 0.33
12 22 0.32
12 23 0.27
12 24 0.46
12 25 0.73
12 26 0.77
12 27 0.65
12 28 0.82
12 29 0.72
12 30 0.62
12 31 0.77
12 32 0.7
12 33 0.55
12 34 0.57
12 35 0.79
12 36 0.61
13 14 0.52
13 15 0.4
13 16 0.27
13 17 0.45
13 18 1.05
13 19 0.57
13 20 0.66
13 21 0.32
13 22 0.11
13 23 0.59
13 24 0.71
13 25 0.81
13 26 0.84
13 27 0.96
13 28 0.82
13 29 0.65
13 30 0.72
13 31 0.88
13 32 0.73
13 33 0.23
13 34 0.51
13 35 0.98
13 36 0.57
14 15 0.46
14 16 0.44
14 17 0.06
14 18 0.9
14 19 0.25
14 20 0.16
14 21 0.41
14 22 0.46
14 23 0.08
14 24 0.26
14 25 0.58
14 26 0.76
14 27 0.45
14 28 0.81
14 29 0.76
14 30 0.59
14 31 0.76
14 32 0.78
14 33 0.75
14 34 0.56
14 35 0.78
14 36 0.61
15 16 0.16
15 17 0.41
15 18 0.56
15 19 0.7
15 20 0.63
15 21 0.1
15 22 0.36
15 23 0.54
15 24 0.54
15 25 0.46
15 26 0.4
15 27 0.68
15 28 0.37
15 29 0.29
15 30 0.29
15 31 0.39
15 32 0.32
15 33 0.57
15 34 0.14
15 35 0.55
15 36 0.18
16 17 0.42
16 18 0.75
16 19 0.62
16 20 0.61
16 21 0.08
16 22 0.16
16 23 0.52
16 24 0.55
16 25 0.6
16 26 0.5
16 27 0.74
16 28 0.57
16 29 0.44
16 30 0.45
16 31 0.55
16 32 0.45
16 33 0.39
16 34 0.28
16 35 0.68
16 36 0.33
17 18 0.74
17 19 0.32
17 20 0.23
17 21 0.4
17 22 0.46
17 23 0.11
17 24 0.24
17 25 0.59
17 26 0.68
17 27 0.5
17 28 0.66
17 29 0.78
17 30 0.59
17 31 0.76
17 32 0.65
17 33 0.65
17 34 0.55
17 35 0.75
17 36 0.54
18 19 1.14
18 20 1.05
18 21 0.67
18 22 0.9
18 23 0.84
18 24 0.69
18 25 0.32
18 26 0.2
18 27 0.74
18 28 0.28
18 29 0.46
18 30 0.27
18 31 0.27
18 32 0.35
18 33 1.04
18 34 0.49
18 35 0.09
18 36 0.48
19 20 0.15
19 21 0.66
19 22 0.58
19 23 0.27
19 24 0.43
19 25 0.81
19 26 1.02
19 27 0.56
19 28 0.95
19 29 1.11
19 30 0.91
19 31 1.02
19 32 0.99
19 33 0.87
19 34 0.86
19 35 0.99
19 36 0.96
20 21 0.64
20 22 0.68
20 23 0.17
20 24 0.29
20 25 0.7
20 26 0.85
20 27 0.44
20 28 0.89
20 29 1.05
20 30 0.79
20 31 0.96
20 32 0.92
20 33 0.86
20 34 0.8
20 35 0.85
20 36 0.75
21 22 0.24
21 23 0.47
21 24 0.52
21 25 0.49
21 26 0.45
21 27 0.69
21 28 0.5
21 29 0.36
21 30 0.44
21 31 0.54
21 32 0.44
21 33 0.46
21 34 0.24
21 35 0.57
21 36 0.29
22 23 0.53
22 24 0.62
22 25 0.72
22 26 0.69
22 27 0.88
22 28 0.65
22 29 0.57
22 30 0.67
22 31 0.77
22 32 0.58
22 33 0.25
22 34 0.45
22 35 0.77
22 36 0.49
23 24 0.17
23 25 0.53
23 26 0.68
23 27 0.36
23 28 0.76
23 29 0.79
23 30 0.57
23 31 0.84
23 32 0.74
23 33 0.84
23 34 0.64
23 35 0.69
23 36 0.64
24 25 0.41
24 26 0.64
24 27 0.2
24 28 0.71
24 29 0.88
24 30 0.58
24 31 0.73
24 32 0.72
24 33 0.94
24 34 0.59
24 35 0.63
24 36 0.66
25 26 0.3
25 27 0.4
25 28 0.39
25 29 0.57
25 30 0.24
25 31 0.45
25 32 0.43
25 33 1
25 34 0.43
25 35 0.21
25 36 0.42
26 27 0.74
26 28 0.1
26 29 0.29
26 30 0.1
26 31 0.12
26 32 0.14
26 33 0.94
26 34 0.24
26 35 0.18
26 36 0.24
27 28 0.8
27 29 0.88
27 30 0.66
27 31 0.83
27 32 0.75
27 33 1.06
27 34 0.72
27 35 0.63
27 36 0.79
28 29 0.19
28 30 0.18
28 31 0.04
28 32 0.06
28 33 0.78
28 34 0.2
28 35 0.27
28 36 0.21
29 30 0.36
29 31 0.21
29 32 0.14
29 33 0.69
29 34 0.21
29 35 0.43
29 36 0.16
30 31 0.21
30 32 0.19
30 33 0.86
30 34 0.22
30 35 0.23
30 36 0.23
31 32 0.1
31 33 0.87
31 34 0.27
31 35 0.28
31 36 0.23
32 33 0.74
32 34 0.18
32 35 0.33
32 36 0.14
33 34 0.64
33 35 1.04
33 36 0.62
34 35 0.4
34 36 0.05
35 36 0.38