0 1 0.59
0 2 0.97
0 3 0.65
0 4 0.27
0 5 0.85
0 6 0.28
0 7 0.17
0 8 0.66
0 9 0.89
0 10 0.83
0 11 1.02
0 12 1.1
0 13 0.44
0 14 0.14
0 15 0.79
0 16 0.17
0 17 0.44
0 18 0.27
0 19 0.49
0 20 0.45
0 21 0.79
0 22 1.05
0 23 1.22
0 24 0.11
0 25 0.58
0 26 0.63
0 27 0.64
0 28 1.12
0 29 0.19
0 30 0.7
0 31 0.47
0 32 0.73
0 33 0.82
0 34 0.42
0 35 0.58
0 36 0.25
1 2 0.47
1 3 0.07
1 4 0.51
1 5 0.23
1 6 0.37
1 7 0.63
1 8 0.17
1 9 0.34
1 10 0.69
1 11 0.83
1 12 0.89
1 13 0.6
1 14 0.54
1 15 0.86
1 16 0.71
1 17 0.37
1 18 0.48
1 19 0.29
1 20 0.22
1 21 0.42
1 22 0.7
1 23 0.8
1 24 0.8
1 25 0.87
1 26 0.53
1 27 1.18
1 28 0.61
1 29 0.86
1 30 0.83
1 31 0.31
1 32 0.98
1 33 0.25
1 34 0.34
1 35 0.89
1 36 0.68
2 3 0.53
2 4 0.71
2 5 0.47
2 6 0.75
2 7 0.84
2 8 0.64
2 9 0.18
2 10 0.59
2 11 0.57
2 12 0.57
2 13 0.65
2 14 0.83
2 15 0.74
2 16 0.96
2 17 0.61
2 18 0.75
2 19 0.52
2 20 0.59
2 21 0.22
2 22 0.4
2 23 0.36
2 24 1.05
2 25 0.85
2 26 0.4
2 27 1.26
2 28 0.08
2 29 1.2
2 30 0.65
2 31 0.53
2 32 0.82
2 33 0.21
2 34 0.53
2 35 0.85
2 36 1.12
3 4 0.5
3 5 0.14
3 6 0.4
3 7 0.7
3 8 0.16
3 9 0.37
3 10 0.69
3 11 0.84
3 12 0.96
3 13 0.68
3 14 0.58
3 15 0.98
3 16 0.79
3 17 0.49
3 18 0.52
3 19 0.38
3 20 0.27
3 21 0.43
3 22 0.84
3 23 0.86
3 24 0.82
3 25 1
3 26 0.56
3 27 1.15
3 28 0.6
3 29 0.77
3 30 0.84
3 31 0.37
3 32 1.03
3 33 0.28
3 34 0.4
3 35 0.98
3 36 0.67
4 5 0.68
4 6 0.28
4 7 0.19
4 8 0.54
4 9 0.53
4 10 0.59
4 11 0.63
4 12 0.82
4 13 0.24
4 14 0.17
4 15 0.58
4 16 0.21
4 17 0.15
4 18 0.04
4 19 0.23
4 20 0.35
4 21 0.54
4 22 0.81
4 23 0.85
4 24 0.35
4 25 0.45
4 26 0.37
4 27 0.6
4 28 0.82
4 29 0.44
4 30 0.52
4 31 0.24
4 32 0.59
4 33 0.62
4 34 0.19
4 35 0.48
4 36 0.47
5 6 0.56
5 7 0.89
5 8 0.26
5 9 0.46
5 10 0.83
5 11 0.96
5 12 1.12
5 13 0.85
5 14 0.76
5 15 1.02
5 16 0.95
5 17 0.61
5 18 0.69
5 19 0.57
5 20 0.41
5 21 0.6
5 22 0.85
5 23 0.86
5 24 1.01
5 25 1.18
5 26 0.68
5 27 1.2
5 28 0.63
5 29 0.92
5 30 0.96
5 31 0.51
5 32 1.15
5 33 0.36
5 34 0.6
5 35 1.05
5 36 0.76
6 7 0.35
6 8 0.38
6 9 0.6
6 10 0.72
6 11 0.86
6 12 1.02
6 13 0.52
6 14 0.19
6 15 0.79
6 16 0.37
6 17 0.29
6 18 0.22
6 19 0.31
6 20 0.17
6 21 0.65
6 22 0.92
6 23 1
6 24 0.4
6 25 0.67
6 26 0.53
6 27 0.89
6 28 0.86
6 29 0.39
6 30 0.78
6 31 0.33
6 32 0.84
6 33 0.61
6 34 0.29
6 35 0.67
6 36 0.29
7 8 0.69
7 9 0.77
7 10 0.64
7 11 0.72
7 12 0.89
7 13 0.32
7 14 0.19
7 15 0.61
7 16 0.03
7 17 0.36
7 18 0.21
7 19 0.46
7 20 0.51
7 21 0.67
7 22 0.95
7 23 1.09
7 24 0.16
7 25 0.37
7 26 0.54
7 27 0.45
7 28 0.95
7 29 0.37
7 30 0.63
7 31 0.43
7 32 0.64
7 33 0.76
7 34 0.4
7 35 0.42
7 36 0.4
8 9 0.53
8 10 0.87
8 11 0.9
8 12 1.04
8 13 0.75
8 14 0.59
8 15 0.99
8 16 0.72
8 17 0.45
8 18 0.51
8 19 0.42
8 20 0.2
8 21 0.66
8 22 0.93
8 23 0.92
8 24 0.78
8 25 0.95
8 26 0.64
8 27 1.19
8 28 0.72
8 29 0.75
8 30 0.89
8 31 0.41
8 32 1.11
8 33 0.44
8 34 0.46
8 35 0.96
8 36 0.57
9 10 0.42
9 11 0.53
9 12 0.56
9 13 0.5
9 14 0.64
9 15 0.67
9 16 0.75
9 17 0.4
9 18 0.54
9 19 0.31
9 20 0.48
9 21 0.11
9 22 0.43
9 23 0.51
9 24 0.88
9 25 0.74
9 26 0.32
9 27 0.97
9 28 0.25
9 29 1
9 30 0.67
9 31 0.34
9 32 0.77
9 33 0.11
9 34 0.36
9 35 0.84
9 36 0.92
10 11 0.12
10 12 0.27
10 13 0.32
10 14 0.66
10 15 0.22
10 16 0.68
10 17 0.45
10 18 0.5
10 19 0.43
10 20 0.66
10 21 0.36
10 22 0.26
10 23 0.46
10 24 0.75
10 25 0.43
10 26 0.19
10 27 0.65
10 28 0.56
10 29 1.01
10 30 0.18
10 31 0.42
10 32 0.34
10 33 0.51
10 34 0.44
10 35 0.46
10 36 0.94
11 12 0.21
11 13 0.4
11 14 0.83
11 15 0.24
11 16 0.83
11 17 0.57
11 18 0.61
11 19 0.53
11 20 0.87
11 21 0.44
11 22 0.24
11 23 0.44
11 24 0.86
11 25 0.53
11 26 0.29
11 27 0.73
11 28 0.52
11 29 1.11
11 30 0.2
11 31 0.59
11 32 0.31
11 33 0.66
11 34 0.56
11 35 0.47
11 36 1.12
12 13 0.57
12 14 0.93
12 15 0.42
12 16 0.98
12 17 0.67
12 18 0.92
12 19 0.7
12 20 0.96
12 21 0.48
12 22 0.15
12 23 0.32
12 24 1.03
12 25 0.66
12 26 0.44
12 27 0.85
12 28 0.53
12 29 1.26
12 30 0.41
12 31 0.77
12 32 0.49
12 33 0.68
12 34 0.72
12 35 0.75
12 36 1.28
13 14 0.4
13 15 0.3
13 16 0.33
13 17 0.24
13 18 0.27
13 19 0.26
13 20 0.54
13 21 0.46
13 22 0.57
13 23 0.7
13 24 0.53
13 25 0.26
13 26 0.25
13 27 0.48
13 28 0.7
13 29 0.66
13 30 0.3
13 31 0.28
13 32 0.36
13 33 0.58
13 34 0.27
13 35 0.28
13 36 0.75
14 15 0.76
14 16 0.21
14 17 0.3
14 18 0.15
14 19 0.39
14 20 0.36
14 21 0.66
14 22 0.97
14 23 1.1
14 24 0.21
14 25 0.58
14 26 0.6
14 27 0.65
14 28 0.87
14 29 0.33
14 30 0.72
14 31 0.34
14 32 0.68
14 33 0.73
14 34 0.31
14 35 0.61
14 36 0.29
15 16 0.67
15 17 0.51
15 18 0.57
15 19 0.59
15 20 0.78
15 21 0.56
15 22 0.48
15 23 0.71
15 24 0.69
15 25 0.29
15 26 0.39
15 27 0.47
15 28 0.71
15 29 0.92
15 30 0.05
15 31 0.57
15 32 0.08
15 33 0.73
15 34 0.53
15 35 0.28
15 36 1.05
16 17 0.38
16 18 0.26
16 19 0.49
16 20 0.53
16 21 0.71
16 22 0.99
16 23 1.11
16 24 0.15
16 25 0.37
16 26 0.58
16 27 0.48
16 28 1.08
16 29 0.37
16 30 0.56
16 31 0.45
16 32 0.61
16 33 0.77
16 34 0.42
16 35 0.42
16 36 0.4
17 18 0.14
17 19 0.09
17 20 0.27
17 21 0.38
17 22 0.67
17 23 0.81
17 24 0.44
17 25 0.49
17 26 0.28
17 27 0.63
17 28 0.65
17 29 0.59
17 30 0.54
17 31 0.07
17 32 0.6
17 33 0.43
17 34 0.04
17 35 0.5
17 36 0.59
18 19 0.23
18 20 0.29
18 21 0.54
18 22 0.74
18 23 0.84
18 24 0.36
18 25 0.44
18 26 0.41
18 27 0.62
18 28 0.77
18 29 0.43
18 30 0.56
18 31 0.21
18 32 0.63
18 33 0.56
18 34 0.18
18 35 0.53
18 36 0.43
19 20 0.23
19 21 0.35
19 22 0.58
19 23 0.69
19 24 0.55
19 25 0.6
19 26 0.25
19 27 0.79
19 28 0.58
19 29 0.66
19 30 0.48
19 31 0.02
19 32 0.65
19 33 0.36
19 34 0.06
19 35 0.6
19 36 0.65
20 21 0.53
20 22 0.79
20 23 1
20 24 0.55
20 25 0.75
20 26 0.46
20 27 0.93
20 28 0.77
20 29 0.55
20 30 0.77
20 31 0.26
20 32 0.9
20 33 0.42
20 34 0.26
20 35 0.81
20 36 0.43
21 22 0.37
21 23 0.38
21 24 0.89
21 25 0.7
21 26 0.24
21 27 0.95
21 28 0.21
21 29 0.99
21 30 0.52
21 31 0.33
21 32 0.67
21 33 0.21
21 34 0.42
21 35 0.69
21 36 0.95
22 23 0.22
22 24 1.06
22 25 0.67
22 26 0.38
22 27 0.92
22 28 0.4
22 29 1.19
22 30 0.41
22 31 0.59
22 32 0.57
22 33 0.53
22 34 0.63
22 35 0.78
22 36 1.27
23 24 1.26
23 25 0.91
23 26 0.52
23 27 1.15
23 28 0.3
23 29 1.47
23 30 0.62
23 31 0.66
23 32 0.74
23 33 0.56
23 34 0.73
23 35 0.94
23 36 1.34
24 25 0.58
24 26 0.65
24 27 0.62
24 28 1.15
24 29 0.24
24 30 0.73
24 31 0.5
24 32 0.73
24 33 0.88
24 34 0.52
24 35 0.55
24 36 0.32
25 26 0.48
25 27 0.22
25 28 0.94
25 29 0.72
25 30 0.28
25 31 0.58
25 32 0.24
25 33 0.79
25 34 0.51
25 35 0.03
25 36 0.83
26 27 0.67
26 28 0.46
26 29 0.84
26 30 0.33
26 31 0.24
26 32 0.5
26 33 0.41
26 34 0.28
26 35 0.57
26 36 0.82
27 28 1.13
27 29 0.79
27 30 0.49
27 31 0.8
27 32 0.38
27 33 1.07
27 34 0.7
27 35 0.21
27 36 0.8
28 29 1.32
28 30 0.72
28 31 0.58
28 32 0.82
28 33 0.32
28 34 0.57
28 35 0.97
28 36 1.07
29 30 1.05
29 31 0.62
29 32 0.99
29 33 1.09
29 34 0.58
29 35 0.8
29 36 0.16
30 31 0.55
30 32 0.15
30 33 0.76
30 34 0.5
30 35 0.32
30 36 1.07
31 32 0.6
31 33 0.36
31 34 0.04
31 35 0.62
31 36 0.62
32 33 0.85
32 34 0.65
32 35 0.22
32 36 1.1
33 34 0.42
33 35 0.81
33 36 0.83
34 35 0.6
34 36 0.6
35 36 0.85