0 1 0.3
0 2 0.7
0 3 0.7
0 4 0.65
0 5 0.37
0 6 0.36
0 7 0.4
0 8 0.6
0 9 0.77
0 10 0.16
0 11 0.52
0 12 0.39
0 13 0.31
0 14 0.16
0 15 0.72
0 16 0.43
0 17 0.3
0 18 0.33
0 19 0.46
0 20 0.72
0 21 0.27
0 22 0.58
0 23 0.65
0 24 0.47
0 25 0.28
0 26 0.67
0 27 0.42
0 28 0.07
0 29 0.75
0 30 0.42
0 31 0.35
0 32 0.1
1 2 0.4
1 3 0.43
1 4 0.47
1 5 0.16
1 6 0.05
1 7 0.11
1 8 0.45
1 9 0.57
1 10 0.27
1 11 0.39
1 12 0.52
1 13 0.06
1 14 0.16
1 15 0.44
1 16 0.74
1 17 0.21
1 18 0.05
1 19 0.2
1 20 0.38
1 21 0.42
1 22 0.41
1 23 0.68
1 24 0.52
1 25 0.5
1 26 0.52
1 27 0.68
1 28 0.34
1 29 0.63
1 30 0.73
1 31 0.61
1 32 0.3
2 3 0.17
2 4 0.27
2 5 0.29
2 6 0.37
2 7 0.31
2 8 0.21
2 9 0.13
2 10 0.76
2 11 0.72
2 12 0.92
2 13 0.4
2 14 0.62
2 15 0.05
2 16 1.11
2 17 0.62
2 18 0.41
2 19 0.31
2 20 0.06
2 21 0.88
2 22 0.39
2 23 0.87
2 24 0.65
2 25 1
2 26 0.46
2 27 1.17
2 28 0.78
2 29 0.69
2 30 1.21
2 31 0.91
2 32 0.7
3 4 0.12
3 5 0.33
3 6 0.45
3 7 0.39
3 8 0.07
3 9 0.25
3 10 0.74
3 11 0.88
3 12 0.97
3 13 0.41
3 14 0.59
3 15 0.2
3 16 1.22
3 17 0.64
3 18 0.44
3 19 0.39
3 20 0.25
3 21 0.94
3 22 0.26
3 23 0.68
3 24 0.54
3 25 1.01
3 26 0.32
3 27 1.11
3 28 0.76
3 29 0.93
3 30 1.22
3 31 0.87
3 32 0.68
4 5 0.29
4 6 0.49
4 7 0.38
4 8 0.07
4 9 0.35
4 10 0.66
4 11 0.86
4 12 0.98
4 13 0.39
4 14 0.57
4 15 0.3
4 16 1.22
4 17 0.68
4 18 0.48
4 19 0.48
4 20 0.35
4 21 0.93
4 22 0.17
4 23 0.59
4 24 0.48
4 25 0.94
4 26 0.19
4 27 1.12
4 28 0.71
4 29 1
4 30 1.17
4 31 0.69
4 32 0.72
5 6 0.17
5 7 0.16
5 8 0.28
5 9 0.43
5 10 0.42
5 11 0.54
5 12 0.63
5 13 0.1
5 14 0.31
5 15 0.37
5 16 0.91
5 17 0.43
5 18 0.16
5 19 0.27
5 20 0.35
5 21 0.67
5 22 0.29
5 23 0.56
5 24 0.44
5 25 0.65
5 26 0.38
5 27 0.79
5 28 0.48
5 29 0.78
5 30 0.83
5 31 0.61
5 32 0.41
6 7 0.07
6 8 0.39
6 9 0.48
6 10 0.35
6 11 0.41
6 12 0.54
6 13 0.09
6 14 0.19
6 15 0.42
6 16 0.74
6 17 0.24
6 18 0.01
6 19 0.13
6 20 0.35
6 21 0.49
6 22 0.44
6 23 0.78
6 24 0.54
6 25 0.58
6 26 0.53
6 27 0.76
6 28 0.41
6 29 0.59
6 30 0.75
6 31 0.65
6 32 0.34
7 8 0.32
7 9 0.42
7 10 0.41
7 11 0.48
7 12 0.62
7 13 0.11
7 14 0.29
7 15 0.34
7 16 0.9
7 17 0.31
7 18 0.07
7 19 0.1
7 20 0.3
7 21 0.57
7 22 0.38
7 23 0.77
7 24 0.58
7 25 0.6
7 26 0.5
7 27 0.78
7 28 0.51
7 29 0.56
7 30 0.79
7 31 0.62
7 32 0.41
8 9 0.3
8 10 0.73
8 11 0.78
8 12 1.05
8 13 0.38
8 14 0.55
8 15 0.26
8 16 1.07
8 17 0.61
8 18 0.4
8 19 0.4
8 20 0.3
8 21 0.87
8 22 0.2
8 23 0.59
8 24 0.53
8 25 0.97
8 26 0.25
8 27 1.01
8 28 0.7
8 29 0.84
8 30 1.01
8 31 0.78
8 32 0.65
9 10 0.8
9 11 0.81
9 12 0.98
9 13 0.48
9 14 0.66
9 15 0.08
9 16 1.27
9 17 0.7
9 18 0.48
9 19 0.4
9 20 0.13
9 21 0.99
9 22 0.55
9 23 0.92
9 24 0.79
9 25 1.09
9 26 0.57
9 27 1.3
9 28 0.93
9 29 0.8
9 30 1.21
9 31 1
9 32 0.81
10 11 0.34
10 12 0.27
10 13 0.35
10 14 0.13
10 15 0.78
10 16 0.46
10 17 0.16
10 18 0.31
10 19 0.39
10 20 0.64
10 21 0.16
10 22 0.6
10 23 0.83
10 24 0.58
10 25 0.26
10 26 0.71
10 27 0.48
10 28 0.18
10 29 0.64
10 30 0.41
10 31 0.46
10 32 0.05
11 12 0.27
11 13 0.54
11 14 0.34
11 15 0.77
11 16 0.63
11 17 0.23
11 18 0.44
11 19 0.43
11 20 0.71
11 21 0.34
11 22 0.81
11 23 1.1
11 24 0.9
11 25 0.55
11 26 1.05
11 27 0.81
11 28 0.56
11 29 0.35
11 30 0.66
11 31 0.78
11 32 0.37
12 13 0.58
12 14 0.41
12 15 0.93
12 16 0.4
12 17 0.29
12 18 0.56
12 19 0.64
12 20 0.85
12 21 0.16
12 22 0.93
12 23 0.94
12 24 0.88
12 25 0.33
12 26 1.05
12 27 0.53
12 28 0.42
12 29 0.58
12 30 0.4
12 31 0.65
12 32 0.32
13 14 0.21
13 15 0.41
13 16 0.82
13 17 0.29
13 18 0.08
13 19 0.19
13 20 0.39
13 21 0.5
13 22 0.38
13 23 0.64
13 24 0.49
13 25 0.55
13 26 0.51
13 27 0.8
13 28 0.38
13 29 0.67
13 30 0.73
13 31 0.58
13 32 0.34
14 15 0.65
14 16 0.56
14 17 0.15
14 18 0.2
14 19 0.3
14 20 0.55
14 21 0.3
14 22 0.58
14 23 0.7
14 24 0.54
14 25 0.34
14 26 0.59
14 27 0.52
14 28 0.2
14 29 0.61
14 30 0.56
14 31 0.45
14 32 0.13
15 16 1.12
15 17 0.64
15 18 0.4
15 19 0.35
15 20 0.06
15 21 0.9
15 22 0.48
15 23 0.86
15 24 0.72
15 25 0.96
15 26 0.56
15 27 1.07
15 28 0.77
15 29 0.78
15 30 1.22
15 31 1.01
15 32 0.74
16 17 0.59
16 18 0.75
16 19 0.86
16 20 1.17
16 21 0.35
16 22 1
16 23 0.95
16 24 0.88
16 25 0.22
16 26 1.08
16 27 0.18
16 28 0.39
16 29 1.02
16 30 0.07
16 31 0.59
16 32 0.41
17 18 0.22
17 19 0.31
17 20 0.59
17 21 0.27
17 22 0.66
17 23 0.91
17 24 0.73
17 25 0.41
17 26 0.74
17 27 0.68
17 28 0.32
17 29 0.47
17 30 0.59
17 31 0.64
17 32 0.2
18 19 0.14
18 20 0.35
18 21 0.46
18 22 0.45
18 23 0.73
18 24 0.57
18 25 0.53
18 26 0.51
18 27 0.71
18 28 0.41
18 29 0.58
18 30 0.74
18 31 0.69
18 32 0.34
19 20 0.26
19 21 0.59
19 22 0.49
19 23 0.84
19 24 0.7
19 25 0.62
19 26 0.59
19 27 0.85
19 28 0.52
19 29 0.51
19 30 0.89
19 31 0.77
19 32 0.44
20 21 0.86
20 22 0.43
20 23 0.89
20 24 0.76
20 25 0.94
20 26 0.52
20 27 1.2
20 28 0.81
20 29 0.69
20 30 1.05
20 31 0.88
20 32 0.75
21 22 0.8
21 23 0.87
21 24 0.72
21 25 0.17
21 26 1
21 27 0.41
21 28 0.24
21 29 0.64
21 30 0.32
21 31 0.57
21 32 0.18
22 23 0.43
22 24 0.31
22 25 0.82
22 26 0.1
22 27 0.89
22 28 0.64
22 29 0.92
22 30 1.03
22 31 0.59
22 32 0.58
23 24 0.16
23 25 0.8
23 26 0.42
23 27 0.76
23 28 0.67
23 29 1.28
23 30 0.89
23 31 0.41
23 32 0.76
24 25 0.71
24 26 0.33
24 27 0.69
24 28 0.48
24 29 1.08
24 30 0.79
24 31 0.34
24 32 0.57
25 26 0.94
25 27 0.26
25 28 0.2
25 29 0.85
25 30 0.18
25 31 0.44
25 32 0.22
26 27 1.02
26 28 0.68
26 29 1.12
26 30 1.1
26 31 0.61
26 32 0.75
27 28 0.38
27 29 1.05
27 30 0.13
27 31 0.45
27 32 0.42
28 29 0.79
28 30 0.33
28 31 0.33
28 32 0.12
29 30 1.08
29 31 1.1
29 32 0.71
30 31 0.54
30 32 0.41
31 32 0.47