0 1 0.62
0 2 0.46
0 3 0.82
0 4 0.39
0 5 0.35
0 6 0.48
0 7 0.4
0 8 0.61
0 9 0.67
0 10 0.36
0 11 0.67
0 12 0.78
0 13 0.39
0 14 0.34
0 15 0.47
0 16 0.56
0 17 0.83
0 18 0.31
0 19 0.83
0 20 0.13
0 21 0.5
0 22 0.64
0 23 0.64
0 24 0.54
0 25 0.7
0 26 0.21
0 27 0.59
0 28 0.78
0 29 0.43
0 30 0.5
0 31 0.8
0 32 0.9
0 33 0.41
1 2 0.81
1 3 1.18
1 4 1.02
1 5 0.42
1 6 0.22
1 7 0.27
1 8 0.13
1 9 1.09
1 10 0.41
1 11 0.19
1 12 1.08
1 13 0.46
1 14 0.25
1 15 0.21
1 16 0.97
1 17 0.43
1 18 0.8
1 19 0.42
1 20 0.72
1 21 0.7
1 22 1.07
1 23 0.1
1 24 0.25
1 25 0.51
1 26 0.66
1 27 0.05
1 28 0.58
1 29 0.16
1 30 0.26
1 31 0.56
1 32 0.77
1 33 0.97
2 3 0.45
2 4 0.62
2 5 0.79
2 6 0.62
2 7 0.66
2 8 0.74
2 9 0.22
2 10 0.42
2 11 0.9
2 12 0.35
2 13 0.42
2 14 0.6
2 15 0.67
2 16 0.13
2 17 0.77
2 18 0.12
2 19 0.8
2 20 0.38
2 21 0.27
2 22 0.19
2 23 1.02
2 24 0.89
2 25 0.69
2 26 0.64
2 27 0.87
2 28 0.69
2 29 0.78
2 30 0.86
2 31 0.76
2 32 0.64
2 33 0.25
3 4 1.04
3 5 1.21
3 6 0.98
3 7 0.96
3 8 1.16
3 9 0.22
3 10 0.74
3 11 1.12
3 12 0.09
3 13 0.7
3 14 0.93
3 15 1
3 16 0.34
3 17 0.94
3 18 0.59
3 19 0.97
3 20 0.9
3 21 0.47
3 22 0.26
3 23 1.28
3 24 1.21
3 25 0.86
3 26 1.03
3 27 1.12
3 28 0.74
3 29 1.01
3 30 1.29
3 31 0.88
3 32 0.57
3 33 0.63
4 5 0.53
4 6 0.84
4 7 0.78
4 8 0.94
4 9 0.94
4 10 0.73
4 11 1.07
4 12 0.97
4 13 0.81
4 14 0.73
4 15 0.82
4 16 0.69
4 17 1.16
4 18 0.56
4 19 1.26
4 20 0.32
4 21 0.84
4 22 0.87
4 23 0.92
4 24 0.74
4 25 1.11
4 26 0.24
4 27 0.99
4 28 1.13
4 29 0.8
4 30 0.69
4 31 1.13
4 32 1.29
4 33 0.51
5 6 0.41
5 7 0.39
5 8 0.44
5 9 1
5 10 0.5
5 11 0.61
5 12 1.05
5 13 0.57
5 14 0.34
5 15 0.46
5 16 0.94
5 17 0.76
5 18 0.62
5 19 0.8
5 20 0.46
5 21 0.79
5 22 1.02
5 23 0.45
5 24 0.19
5 25 0.77
5 26 0.35
5 27 0.37
5 28 0.75
5 29 0.31
5 30 0.16
5 31 0.81
5 32 1.08
5 33 0.78
6 7 0.05
6 8 0.12
6 9 0.8
6 10 0.21
6 11 0.24
6 12 0.84
6 13 0.22
6 14 0.12
6 15 0.02
6 16 0.73
6 17 0.36
6 18 0.59
6 19 0.37
6 20 0.61
6 21 0.45
6 22 0.86
6 23 0.31
6 24 0.4
6 25 0.38
6 26 0.65
6 27 0.29
6 28 0.44
6 29 0.12
6 30 0.37
6 31 0.42
6 32 0.63
6 33 0.76
7 8 0.17
7 9 0.74
7 10 0.19
7 11 0.33
7 12 0.85
7 13 0.19
7 14 0.09
7 15 0.07
7 16 0.69
7 17 0.44
7 18 0.51
7 19 0.41
7 20 0.55
7 21 0.42
7 22 0.83
7 23 0.33
7 24 0.37
7 25 0.36
7 26 0.59
7 27 0.27
7 28 0.43
7 29 0.13
7 30 0.36
7 31 0.42
7 32 0.62
7 33 0.74
8 9 0.87
8 10 0.36
8 11 0.14
8 12 0.95
8 13 0.34
8 14 0.22
8 15 0.09
8 16 0.84
8 17 0.34
8 18 0.77
8 19 0.38
8 20 0.71
8 21 0.55
8 22 0.88
8 23 0.2
8 24 0.32
8 25 0.39
8 26 0.65
8 27 0.18
8 28 0.42
8 29 0.13
8 30 0.37
8 31 0.42
8 32 0.73
8 33 0.82
9 10 0.56
9 11 0.96
9 12 0.12
9 13 0.54
9 14 0.78
9 15 0.79
9 16 0.15
9 17 0.87
9 18 0.33
9 19 0.86
9 20 0.59
9 21 0.36
9 22 0.1
9 23 1.1
9 24 1.13
9 25 0.73
9 26 0.77
9 27 1.11
9 28 0.75
9 29 0.86
9 30 1.02
9 31 0.72
9 32 0.51
9 33 0.39
10 11 0.49
10 12 0.67
10 13 0.05
10 14 0.22
10 15 0.25
10 16 0.5
10 17 0.47
10 18 0.38
10 19 0.44
10 20 0.46
10 21 0.25
10 22 0.64
10 23 0.51
10 24 0.52
10 25 0.39
10 26 0.57
10 27 0.46
10 28 0.4
10 29 0.29
10 30 0.51
10 31 0.47
10 32 0.49
10 33 0.62
11 12 1.11
11 13 0.41
11 14 0.36
11 15 0.23
11 16 1.03
11 17 0.26
11 18 0.79
11 19 0.24
11 20 0.79
11 21 0.61
11 22 0.98
11 23 0.18
11 24 0.45
11 25 0.35
11 26 0.85
11 27 0.24
11 28 0.4
11 29 0.26
11 30 0.47
11 31 0.39
11 32 0.75
11 33 1.04
12 13 0.69
12 14 0.94
12 15 0.97
12 16 0.31
12 17 0.88
12 18 0.49
12 19 0.92
12 20 0.75
12 21 0.41
12 22 0.18
12 23 1.21
12 24 1.14
12 25 0.81
12 26 1
12 27 1.13
12 28 0.77
12 29 1.01
12 30 1.17
12 31 0.9
12 32 0.55
12 33 0.49
13 14 0.26
13 15 0.25
13 16 0.56
13 17 0.42
13 18 0.42
13 19 0.4
13 20 0.52
13 21 0.24
13 22 0.55
13 23 0.54
13 24 0.51
13 25 0.33
13 26 0.6
13 27 0.46
13 28 0.35
13 29 0.32
13 30 0.59
13 31 0.38
13 32 0.46
13 33 0.62
14 15 0.13
14 16 0.68
14 17 0.46
14 18 0.55
14 19 0.48
14 20 0.47
14 21 0.51
14 22 0.8
14 23 0.34
14 24 0.29
14 25 0.5
14 26 0.51
14 27 0.28
14 28 0.49
14 29 0.1
14 30 0.31
14 31 0.51
14 32 0.7
14 33 0.74
15 16 0.86
15 17 0.37
15 18 0.57
15 19 0.37
15 20 0.63
15 21 0.47
15 22 0.85
15 23 0.3
15 24 0.34
15 25 0.4
15 26 0.63
15 27 0.26
15 28 0.43
15 29 0.11
15 30 0.38
15 31 0.44
15 32 0.68
15 33 0.82
16 17 0.9
16 18 0.23
16 19 0.99
16 20 0.47
16 21 0.35
16 22 0.1
16 23 1.06
16 24 1
16 25 0.8
16 26 0.74
16 27 0.98
16 28 0.75
16 29 0.88
16 30 0.97
16 31 0.81
16 32 0.63
16 33 0.25
17 18 0.74
17 19 0.03
17 20 0.96
17 21 0.57
17 22 0.89
17 23 0.46
17 24 0.68
17 25 0.12
17 26 0.97
17 27 0.49
17 28 0.18
17 29 0.45
17 30 0.71
17 31 0.12
17 32 0.48
17 33 1.05
18 19 0.82
18 20 0.24
18 21 0.3
18 22 0.31
18 23 0.82
18 24 0.72
18 25 0.75
18 26 0.44
18 27 0.85
18 28 0.77
18 29 0.65
18 30 0.75
18 31 0.76
18 32 0.67
18 33 0.21
19 20 0.94
19 21 0.61
19 22 1
19 23 0.44
19 24 0.68
19 25 0.14
19 26 0.9
19 27 0.47
19 28 0.22
19 29 0.44
19 30 0.62
19 31 0.17
19 32 0.52
19 33 1.02
20 21 0.49
20 22 0.56
20 23 0.79
20 24 0.63
20 25 0.82
20 26 0.21
20 27 0.72
20 28 0.8
20 29 0.6
20 30 0.58
20 31 0.88
20 32 0.92
20 33 0.3
21 22 0.38
21 23 0.7
21 24 0.78
21 25 0.43
21 26 0.68
21 27 0.74
21 28 0.41
21 29 0.61
21 30 0.81
21 31 0.47
21 32 0.38
21 33 0.45
22 23 1.08
22 24 1.15
22 25 0.89
22 26 0.75
22 27 1.11
22 28 0.79
22 29 0.91
22 30 1.08
22 31 0.81
22 32 0.63
22 33 0.31
23 24 0.31
23 25 0.58
23 26 0.85
23 27 0.1
23 28 0.61
23 29 0.26
23 30 0.32
23 31 0.57
23 32 0.85
23 33 1.08
24 25 0.7
24 26 0.55
24 27 0.22
24 28 0.76
24 29 0.26
24 30 0.02
24 31 0.74
24 32 1.05
24 33 0.91
25 26 0.99
25 27 0.56
25 28 0.07
25 29 0.47
25 30 0.81
25 31 0.05
25 32 0.37
25 33 0.9
26 27 0.76
26 28 0.91
26 29 0.6
26 30 0.53
26 31 0.98
26 32 1.09
26 33 0.47
27 28 0.63
27 29 0.17
27 30 0.24
27 31 0.59
27 32 0.8
27 33 0.89
28 29 0.52
28 30 0.83
28 31 0.07
28 32 0.28
28 33 0.84
29 30 0.27
29 31 0.58
29 32 0.79
29 33 0.8
30 31 0.78
30 32 1.08
30 33 0.89
31 32 0.35
31 33 0.96
32 33 0.82