0 1 1.01
0 2 0.27
0 3 0.36
0 4 0.23
0 5 0.56
0 6 0.36
0 7 0.32
0 8 0.17
0 9 0.47
0 10 0.7
0 11 0.73
0 12 0.38
0 13 0.81
0 14 0.45
0 15 0.27
0 16 1.06
0 17 0.35
0 18 1.25
0 19 0.31
0 20 0.93
0 21 0.77
0 22 0.34
0 23 0.66
0 24 0.49
0 25 0.48
0 26 0.62
0 27 0.43
0 28 0.29
0 29 0.59
0 30 0.72
0 31 0.12
0 32 0.85
0 33 0.51
0 34 0.36
0 35 1.05
0 36 0.46
0 37 0.86
0 38 0.5
0 39 0.4
0 40 0.7
0 41 0.35
0 42 0.9
0 43 0.67
1 2 0.82
1 3 0.6
1 4 0.91
1 5 1.04
1 6 0.6
1 7 1.22
1 8 0.99
1 9 0.74
1 10 0.75
1 11 0.69
1 12 0.62
1 13 0.81
1 14 0.9
1 15 1.01
1 16 0.48
1 17 0.73
1 18 0.15
1 19 0.9
1 20 0.29
1 21 1.07
1 22 0.73
1 23 0.39
1 24 0.95
1 25 0.53
1 26 0.65
1 27 1.17
1 28 1.08
1 29 0.46
1 30 0.38
1 31 1.08
1 32 1.08
1 33 0.9
1 34 0.77
1 35 0.01
1 36 0.78
1 37 0.99
1 38 0.72
1 39 0.59
1 40 0.38
1 41 0.84
1 42 0.86
1 43 0.48
2 3 0.26
2 4 0.29
2 5 0.76
2 6 0.25
2 7 0.56
2 8 0.38
2 9 0.2
2 10 0.77
2 11 0.75
2 12 0.37
2 13 0.5
2 14 0.26
2 15 0.5
2 16 0.9
2 17 0.3
2 18 1
2 19 0.48
2 20 0.83
2 21 0.95
2 22 0.14
2 23 0.58
2 24 0.57
2 25 0.32
2 26 0.61
2 27 0.61
2 28 0.56
2 29 0.39
2 30 0.63
2 31 0.35
2 32 0.96
2 33 0.66
2 34 0.36
2 35 0.84
2 36 0.19
2 37 0.94
2 38 0.24
2 39 0.4
2 40 0.48
2 41 0.14
2 42 0.96
2 43 0.42
3 4 0.22
3 5 0.72
3 6 0.05
3 7 0.65
3 8 0.4
3 9 0.32
3 10 0.48
3 11 0.53
3 12 0.07
3 13 0.65
3 14 0.43
3 15 0.45
3 16 0.67
3 17 0.11
3 18 0.78
3 19 0.39
3 20 0.55
3 21 0.79
3 22 0.19
3 23 0.26
3 24 0.48
3 25 0.08
3 26 0.36
3 27 0.49
3 28 0.52
3 29 0.24
3 30 0.3
3 31 0.36
3 32 0.8
3 33 0.44
3 34 0.2
3 35 0.64
3 36 0.26
3 37 0.71
3 38 0.38
3 39 0.16
3 40 0.27
3 41 0.37
3 42 0.79
3 43 0.38
4 5 0.48
4 6 0.25
4 7 0.49
4 8 0.23
4 9 0.49
4 10 0.4
4 11 0.47
4 12 0.2
4 13 0.73
4 14 0.5
4 15 0.23
4 16 0.73
4 17 0.12
4 18 0.91
4 19 0.18
4 20 0.65
4 21 0.64
4 22 0.3
4 23 0.45
4 24 0.33
4 25 0.28
4 26 0.34
4 27 0.28
4 28 0.27
4 29 0.43
4 30 0.51
4 31 0.17
4 32 0.68
4 33 0.31
4 34 0.1
4 35 0.84
4 36 0.39
4 37 0.64
4 38 0.47
4 39 0.19
4 40 0.48
4 41 0.43
4 42 0.82
4 43 0.59
5 6 0.71
5 7 0.5
5 8 0.43
5 9 0.89
5 10 0.39
5 11 0.45
5 12 0.6
5 13 1.34
5 14 1
5 15 0.34
5 16 0.84
5 17 0.56
5 18 1.16
5 19 0.33
5 20 0.9
5 21 0.26
5 22 0.81
5 23 0.74
5 24 0.17
5 25 0.67
5 26 0.42
5 27 0.21
5 28 0.29
5 29 0.87
5 30 0.71
5 31 0.47
5 32 0.37
5 33 0.23
5 34 0.43
5 35 1.21
5 36 0.93
5 37 0.39
5 38 0.99
5 39 0.5
5 40 0.87
5 41 0.92
5 42 0.53
5 43 0.98
6 7 0.64
6 8 0.42
6 9 0.24
6 10 0.55
6 11 0.57
6 12 0.12
6 13 0.57
6 14 0.39
6 15 0.44
6 16 0.75
6 17 0.14
6 18 0.8
6 19 0.4
6 20 0.58
6 21 0.78
6 22 0.13
6 23 0.33
6 24 0.48
6 25 0.08
6 26 0.4
6 27 0.55
6 28 0.57
6 29 0.23
6 30 0.36
6 31 0.37
6 32 0.83
6 33 0.53
6 34 0.25
6 35 0.67
6 36 0.2
6 37 0.74
6 38 0.33
6 39 0.22
6 40 0.26
6 41 0.31
6 42 0.88
6 43 0.38
7 8 0.24
7 9 0.78
7 10 0.72
7 11 0.76
7 12 0.64
7 13 1.19
7 14 0.81
7 15 0.24
7 16 1.18
7 17 0.59
7 18 1.28
7 19 0.37
7 20 1.04
7 21 0.69
7 22 0.68
7 23 0.89
7 24 0.4
7 25 0.73
7 26 0.71
7 27 0.29
7 28 0.2
7 29 0.87
7 30 0.92
7 31 0.29
7 32 0.79
7 33 0.52
7 34 0.52
7 35 1.22
7 36 0.79
7 37 0.87
7 38 0.85
7 39 0.6
7 40 0.89
7 41 0.73
7 42 0.95
7 43 1.04
8 9 0.58
8 10 0.54
8 11 0.63
8 12 0.44
8 13 0.95
8 14 0.66
8 15 0.1
8 16 1.04
8 17 0.35
8 18 1.2
8 19 0.22
8 20 0.88
8 21 0.65
8 22 0.47
8 23 0.63
8 24 0.34
8 25 0.54
8 26 0.49
8 27 0.23
8 28 0.13
8 29 0.72
8 30 0.69
8 31 0.08
8 32 0.72
8 33 0.41
8 34 0.28
8 35 1.04
8 36 0.52
8 37 0.7
8 38 0.64
8 39 0.39
8 40 0.7
8 41 0.5
8 42 0.8
8 43 0.75
9 10 0.75
9 11 0.86
9 12 0.35
9 13 0.35
9 14 0.18
9 15 0.67
9 16 0.95
9 17 0.39
9 18 0.84
9 19 0.6
9 20 0.7
9 21 1.03
9 22 0.13
9 23 0.46
9 24 0.76
9 25 0.27
9 26 0.66
9 27 0.71
9 28 0.71
9 29 0.26
9 30 0.55
9 31 0.49
9 32 1.08
9 33 0.69
9 34 0.5
9 35 0.67
9 36 0.05
9 37 1.07
9 38 0.07
9 39 0.49
9 40 0.38
9 41 0.16
9 42 1.13
9 43 0.27
10 11 0.09
10 12 0.37
10 13 1.1
10 14 0.89
10 15 0.48
10 16 0.42
10 17 0.39
10 18 0.79
10 19 0.37
10 20 0.49
10 21 0.28
10 22 0.69
10 23 0.44
10 24 0.27
10 25 0.55
10 26 0.13
10 27 0.42
10 28 0.5
10 29 0.6
10 30 0.38
10 31 0.59
10 32 0.36
10 33 0.2
10 34 0.31
10 35 0.85
10 36 0.71
10 37 0.2
10 38 0.91
10 39 0.34
10 40 0.54
10 41 0.86
10 42 0.3
10 43 0.72
11 12 0.44
11 13 1.09
11 14 0.93
11 15 0.58
11 16 0.36
11 17 0.43
11 18 0.78
11 19 0.44
11 20 0.39
11 21 0.35
11 22 0.65
11 23 0.41
11 24 0.39
11 25 0.51
11 26 0.18
11 27 0.46
11 28 0.59
11 29 0.64
11 30 0.4
11 31 0.66
11 32 0.4
11 33 0.3
11 34 0.42
11 35 0.74
11 36 0.78
11 37 0.21
11 38 0.85
11 39 0.38
11 40 0.6
11 41 0.83
11 42 0.27
11 43 0.75
12 13 0.73
12 14 0.52
12 15 0.44
12 16 0.6
12 17 0.07
12 18 0.71
12 19 0.33
12 20 0.52
12 21 0.64
12 22 0.25
12 23 0.24
12 24 0.4
12 25 0.13
12 26 0.28
12 27 0.43
12 28 0.45
12 29 0.3
12 30 0.3
12 31 0.35
12 32 0.76
12 33 0.36
12 34 0.15
12 35 0.59
12 36 0.35
12 37 0.59
12 38 0.47
12 39 0.09
12 40 0.31
12 41 0.44
12 42 0.73
12 43 0.41
13 14 0.29
13 15 0.94
13 16 1.25
13 17 0.71
13 18 0.98
13 19 1
13 20 0.94
13 21 1.48
13 22 0.5
13 23 0.76
13 24 1.12
13 25 0.53
13 26 0.89
13 27 1.1
13 28 1
13 29 0.49
13 30 0.84
13 31 0.87
13 32 1.48
13 33 1.1
13 34 0.88
13 35 0.82
13 36 0.38
13 37 1.44
13 38 0.27
13 39 0.73
13 40 0.63
13 41 0.38
13 42 1.42
13 43 0.37
14 15 0.64
14 16 1.12
14 17 0.5
14 18 0.99
14 19 0.73
14 20 0.99
14 21 1.16
14 22 0.24
14 23 0.7
14 24 0.82
14 25 0.45
14 26 0.85
14 27 0.79
14 28 0.8
14 29 0.42
14 30 0.66
14 31 0.6
14 32 1.33
14 33 0.8
14 34 0.57
14 35 0.87
14 36 0.18
14 37 1.07
14 38 0.12
14 39 0.55
14 40 0.56
14 41 0.12
14 42 1.19
14 43 0.43
15 16 0.84
15 17 0.34
15 18 1.07
15 19 0.13
15 20 0.89
15 21 0.55
15 22 0.48
15 23 0.66
15 24 0.25
15 25 0.49
15 26 0.41
15 27 0.13
15 28 0.07
15 29 0.76
15 30 0.7
15 31 0.16
15 32 0.7
15 33 0.31
15 34 0.25
15 35 1.11
15 36 0.59
15 37 0.57
15 38 0.68
15 39 0.4
15 40 0.69
15 41 0.55
15 42 0.77
15 43 0.88
16 17 0.71
16 18 0.42
16 19 0.76
16 20 0.19
16 21 0.65
16 22 0.86
16 23 0.49
16 24 0.68
16 25 0.66
16 26 0.43
16 27 0.79
16 28 0.95
16 29 0.67
16 30 0.42
16 31 0.97
16 32 0.67
16 33 0.61
16 34 0.67
16 35 0.55
16 36 0.93
16 37 0.47
16 38 0.95
16 39 0.6
16 40 0.61
16 41 1
16 42 0.46
16 43 0.78
17 18 0.85
17 19 0.29
17 20 0.55
17 21 0.64
17 22 0.25
17 23 0.32
17 24 0.4
17 25 0.17
17 26 0.3
17 27 0.4
17 28 0.42
17 29 0.35
17 30 0.4
17 31 0.28
17 32 0.74
17 33 0.39
17 34 0.12
17 35 0.66
17 36 0.37
17 37 0.62
17 38 0.49
17 39 0.11
17 40 0.35
17 41 0.39
17 42 0.75
17 43 0.47
18 19 1.04
18 20 0.32
18 21 1.09
18 22 0.9
18 23 0.45
18 24 1.08
18 25 0.73
18 26 0.7
18 27 1.14
18 28 1.08
18 29 0.63
18 30 0.48
18 31 1.1
18 32 1.06
18 33 0.9
18 34 0.83
18 35 0.16
18 36 0.84
18 37 0.92
18 38 0.87
18 39 0.7
18 40 0.49
18 41 1
18 42 0.94
18 43 0.58
19 20 0.69
19 21 0.46
19 22 0.52
19 23 0.58
19 24 0.15
19 25 0.48
19 26 0.31
19 27 0.13
19 28 0.18
19 29 0.62
19 30 0.59
19 31 0.24
19 32 0.63
19 33 0.19
19 34 0.18
19 35 0.92
19 36 0.6
19 37 0.5
19 38 0.69
19 39 0.29
19 40 0.58
19 41 0.6
19 42 0.66
19 43 0.8
20 21 0.71
20 22 0.7
20 23 0.31
20 24 0.75
20 25 0.5
20 26 0.41
20 27 0.87
20 28 0.91
20 29 0.53
20 30 0.21
20 31 0.8
20 32 0.73
20 33 0.66
20 34 0.65
20 35 0.32
20 36 0.79
20 37 0.62
20 38 0.83
20 39 0.49
20 40 0.4
20 41 0.92
20 42 0.62
20 43 0.59
21 22 0.93
21 23 0.74
21 24 0.32
21 25 0.74
21 26 0.41
21 27 0.44
21 28 0.49
21 29 0.94
21 30 0.73
21 31 0.67
21 32 0.11
21 33 0.27
21 34 0.57
21 35 1.12
21 36 0.96
21 37 0.16
21 38 1.15
21 39 0.53
21 40 0.84
21 41 1.02
21 42 0.27
21 43 1.04
22 23 0.41
22 24 0.62
22 25 0.18
22 26 0.56
22 27 0.57
22 28 0.58
22 29 0.26
22 30 0.49
22 31 0.4
22 32 0.89
22 33 0.56
22 34 0.35
22 35 0.7
22 36 0.1
22 37 0.84
22 38 0.2
22 39 0.37
22 40 0.37
22 41 0.18
22 42 0.95
22 43 0.34
23 24 0.6
23 25 0.24
23 26 0.32
23 27 0.67
23 28 0.73
23 29 0.24
23 30 0.06
23 31 0.6
23 32 0.82
23 33 0.49
23 34 0.36
23 35 0.42
23 36 0.51
23 37 0.66
23 38 0.54
23 39 0.26
23 40 0.17
23 41 0.56
23 42 0.71
23 43 0.33
24 25 0.6
24 26 0.29
24 27 0.13
24 28 0.24
24 29 0.75
24 30 0.59
24 31 0.4
24 32 0.4
24 33 0.09
24 34 0.27
24 35 0.98
24 36 0.69
24 37 0.42
24 38 0.87
24 39 0.37
24 40 0.71
24 41 0.77
24 42 0.52
24 43 0.93
25 26 0.38
25 27 0.56
25 28 0.56
25 29 0.15
25 30 0.3
25 31 0.45
25 32 0.96
25 33 0.5
25 34 0.27
25 35 0.56
25 36 0.24
25 37 0.72
25 38 0.31
25 39 0.23
25 40 0.19
25 41 0.36
25 42 0.82
25 43 0.28
26 27 0.45
26 28 0.48
26 29 0.53
26 30 0.31
26 31 0.48
26 32 0.47
26 33 0.25
26 34 0.24
26 35 0.71
26 36 0.58
26 37 0.33
26 38 0.72
26 39 0.19
26 40 0.49
26 41 0.68
26 42 0.45
26 43 0.63
27 28 0.12
27 29 0.8
27 30 0.71
27 31 0.27
27 32 0.59
27 33 0.21
27 34 0.31
27 35 1.14
27 36 0.72
27 37 0.48
27 38 0.83
27 39 0.41
27 40 0.7
27 41 0.66
27 42 0.63
27 43 0.98
28 29 0.79
28 30 0.77
28 31 0.19
28 32 0.7
28 33 0.32
28 34 0.34
28 35 1.17
28 36 0.67
28 37 0.63
28 38 0.8
28 39 0.45
28 40 0.71
28 41 0.68
28 42 0.75
28 43 0.88
29 30 0.28
29 31 0.57
29 32 0.99
29 33 0.65
29 34 0.46
29 35 0.51
29 36 0.27
29 37 0.9
29 38 0.28
29 39 0.39
29 40 0.11
29 41 0.4
29 42 0.98
29 43 0.13
30 31 0.64
30 32 0.76
30 33 0.52
30 34 0.43
30 35 0.38
30 36 0.53
30 37 0.62
30 38 0.62
30 39 0.3
30 40 0.21
30 41 0.6
30 42 0.65
30 43 0.43
31 32 0.83
31 33 0.38
31 34 0.27
31 35 1.06
31 36 0.44
31 37 0.69
31 38 0.56
31 39 0.4
31 40 0.64
31 41 0.44
31 42 0.95
31 43 0.7
32 33 0.39
32 34 0.68
32 35 0.99
32 36 1.04
32 37 0.17
32 38 1.19
32 39 0.68
32 40 0.87
32 41 1.12
32 42 0.23
32 43 1.04
33 34 0.25
33 35 0.84
33 36 0.68
33 37 0.31
33 38 0.84
33 39 0.31
33 40 0.59
33 41 0.82
33 42 0.45
33 43 0.75
34 35 0.77
34 36 0.47
34 37 0.54
34 38 0.51
34 39 0.12
34 40 0.46
34 41 0.52
34 42 0.72
34 43 0.59
35 36 0.72
35 37 0.95
35 38 0.73
35 39 0.64
35 40 0.34
35 41 0.9
35 42 0.98
35 43 0.45
36 37 1
36 38 0.11
36 39 0.41
36 40 0.37
36 41 0.12
36 42 1.03
36 43 0.29
37 38 1.02
37 39 0.54
37 40 0.76
37 41 1.04
37 42 0.14
37 43 0.96
38 39 0.57
38 40 0.41
38 41 0.15
38 42 1.18
38 43 0.3
39 40 0.35
39 41 0.5
39 42 0.6
39 43 0.47
40 41 0.5
40 42 0.88
40 43 0.2
41 42 1.15
41 43 0.43
42 43 0.98