0 1 0.72
0 2 0.55
0 3 0.32
0 4 0.2
0 5 0.37
0 6 0.55
0 7 0.31
0 8 0.11
0 9 0.75
0 10 0.27
0 11 0.58
0 12 0.23
0 13 0.45
0 14 0.33
0 15 0.57
0 16 0.79
0 17 0.35
0 18 0.32
0 19 0.43
0 20 0.39
0 21 0.18
0 22 0.43
0 23 0.63
0 24 0.72
0 25 0.19
0 26 0.3
0 27 0.47
0 28 0.4
0 29 0.27
0 30 0.34
0 31 0.31
0 32 0.28
0 33 0.35
0 34 0.38
0 35 0.8
0 36 0.08
0 37 0.24
0 38 0.7
0 39 0.82
0 40 0.65
0 41 0.22
0 42 0.3
0 43 0.6
0 44 0.64
0 45 0.72
0 46 0.36
0 47 0.74
0 48 0.46
0 49 0.86
0 50 0.4
0 51 0.68
0 52 0.73
0 53 0.46
0 54 0.52
1 2 0.92
1 3 0.84
1 4 0.93
1 5 0.63
1 6 0.15
1 7 0.99
1 8 0.59
1 9 0.34
1 10 0.65
1 11 0.84
1 12 0.6
1 13 0.65
1 14 0.95
1 15 0.87
1 16 0.63
1 17 0.96
1 18 0.36
1 19 0.69
1 20 1.02
1 21 0.62
1 22 0.79
1 23 0.43
1 24 0.5
1 25 0.63
1 26 1.04
1 27 0.68
1 28 0.63
1 29 0.46
1 30 0.86
1 31 0.99
1 32 0.5
1 33 0.87
1 34 0.84
1 35 0.29
1 36 0.78
1 37 0.81
1 38 0.61
1 39 0.51
1 40 0.66
1 41 0.55
1 42 1.01
1 43 0.17
1 44 0.36
1 45 0.07
1 46 0.97
1 47 0.44
1 48 0.31
1 49 0.43
1 50 0.36
1 51 1.11
1 52 0.48
1 53 0.62
1 54 0.58
2 3 0.28
2 4 0.67
2 5 0.35
2 6 0.79
2 7 0.64
2 8 0.55
2 9 0.88
2 10 0.39
2 11 0.16
2 12 0.44
2 13 1.04
2 14 0.32
2 15 0.15
2 16 0.59
2 17 0.22
2 18 0.77
2 19 1.05
2 20 0.36
2 21 0.46
2 22 0.98
2 23 1
2 24 1.23
2 25 0.72
2 26 0.33
2 27 0.93
2 28 0.99
2 29 0.74
2 30 0.81
2 31 0.42
2 32 0.49
2 33 0.23
2 34 0.2
2 35 0.96
2 36 0.52
2 37 0.33
2 38 0.56
2 39 0.89
2 40 0.5
2 41 0.76
2 42 0.44
2 43 0.87
2 44 1.22
2 45 0.89
2 46 0.29
2 47 0.74
2 48 0.98
2 49 1.07
2 50 0.99
2 51 0.14
2 52 1.17
2 53 0.44
2 54 1.02
3 4 0.42
3 5 0.35
3 6 0.72
3 7 0.41
3 8 0.3
3 9 0.91
3 10 0.3
3 11 0.34
3 12 0.28
3 13 0.74
3 14 0.04
3 15 0.39
3 16 0.74
3 17 0.05
3 18 0.57
3 19 0.76
3 20 0.13
3 21 0.28
3 22 0.74
3 23 0.86
3 24 1.13
3 25 0.52
3 26 0.11
3 27 0.74
3 28 0.67
3 29 0.59
3 30 0.59
3 31 0.17
3 32 0.36
3 33 0.08
3 34 0.07
3 35 0.87
3 36 0.23
3 37 0.08
3 38 0.61
3 39 0.88
3 40 0.55
3 41 0.57
3 42 0.2
3 43 0.78
3 44 0.92
3 45 0.85
3 46 0.07
3 47 0.64
3 48 0.68
3 49 1.05
3 50 0.69
3 51 0.38
3 52 1.04
3 53 0.47
3 54 0.78
4 5 0.59
4 6 0.74
4 7 0.12
4 8 0.31
4 9 1.05
4 10 0.47
4 11 0.72
4 12 0.44
4 13 0.48
4 14 0.38
4 15 0.75
4 16 0.92
4 17 0.49
4 18 0.48
4 19 0.45
4 20 0.4
4 21 0.42
4 22 0.37
4 23 0.71
4 24 0.84
4 25 0.25
4 26 0.33
4 27 0.43
4 28 0.41
4 29 0.37
4 30 0.17
4 31 0.29
4 32 0.52
4 33 0.46
4 34 0.46
4 35 0.96
4 36 0.28
4 37 0.34
4 38 0.97
4 39 1.01
4 40 0.84
4 41 0.31
4 42 0.27
4 43 0.88
4 44 0.82
4 45 0.83
4 46 0.37
4 47 0.95
4 48 0.6
4 49 1.07
4 50 0.57
4 51 0.74
4 52 0.77
4 53 0.65
4 54 0.55
5 6 0.46
5 7 0.69
5 8 0.31
5 9 0.57
5 10 0.1
5 11 0.29
5 12 0.17
5 13 0.85
5 14 0.41
5 15 0.29
5 16 0.37
5 17 0.32
5 18 0.43
5 19 0.84
5 20 0.52
5 21 0.24
5 22 0.77
5 23 0.79
5 24 0.91
5 25 0.5
5 26 0.42
5 27 0.85
5 28 0.76
5 29 0.52
5 30 0.68
5 31 0.49
5 32 0.17
5 33 0.28
5 34 0.31
5 35 0.56
5 36 0.33
5 37 0.34
5 38 0.32
5 39 0.55
5 40 0.28
5 41 0.58
5 42 0.55
5 43 0.53
5 44 0.79
5 45 0.57
5 46 0.37
5 47 0.37
5 48 0.58
5 49 0.72
5 50 0.61
5 51 0.46
5 52 0.94
5 53 0.12
5 54 0.87
6 7 0.88
6 8 0.45
6 9 0.33
6 10 0.44
6 11 0.71
6 12 0.42
6 13 0.61
6 14 0.82
6 15 0.79
6 16 0.57
6 17 0.8
6 18 0.25
6 19 0.63
6 20 0.87
6 21 0.46
6 22 0.68
6 23 0.44
6 24 0.59
6 25 0.52
6 26 0.78
6 27 0.65
6 28 0.56
6 29 0.39
6 30 0.77
6 31 0.81
6 32 0.39
6 33 0.72
6 34 0.77
6 35 0.3
6 36 0.56
6 37 0.64
6 38 0.49
6 39 0.44
6 40 0.61
6 41 0.5
6 42 0.79
6 43 0.11
6 44 0.43
6 45 0.09
6 46 0.78
6 47 0.34
6 48 0.25
6 49 0.41
6 50 0.28
6 51 0.95
6 52 0.57
6 53 0.48
6 54 0.55
7 8 0.41
7 9 1.2
7 10 0.55
7 11 0.77
7 12 0.46
7 13 0.58
7 14 0.37
7 15 0.82
7 16 0.97
7 17 0.43
7 18 0.65
7 19 0.55
7 20 0.32
7 21 0.46
7 22 0.46
7 23 0.83
7 24 0.88
7 25 0.39
7 26 0.31
7 27 0.6
7 28 0.54
7 29 0.52
7 30 0.24
7 31 0.22
7 32 0.52
7 33 0.42
7 34 0.42
7 35 1.08
7 36 0.31
7 37 0.31
7 38 0.91
7 39 1.14
7 40 0.97
7 41 0.44
7 42 0.2
7 43 0.95
7 44 0.95
7 45 0.93
7 46 0.33
7 47 1.03
7 48 0.67
7 49 1.3
7 50 0.72
7 51 0.74
7 52 0.96
7 53 0.8
7 54 0.69
8 9 0.74
8 10 0.18
8 11 0.54
8 12 0.11
8 13 0.52
8 14 0.37
8 15 0.55
8 16 0.66
8 17 0.37
8 18 0.29
8 19 0.47
8 20 0.45
8 21 0.06
8 22 0.5
8 23 0.62
8 24 0.71
8 25 0.24
8 26 0.35
8 27 0.57
8 28 0.44
8 29 0.25
8 30 0.46
8 31 0.4
8 32 0.15
8 33 0.33
8 34 0.33
8 35 0.71
8 36 0.11
8 37 0.27
8 38 0.56
8 39 0.71
8 40 0.6
8 41 0.26
8 42 0.34
8 43 0.54
8 44 0.67
8 45 0.56
8 46 0.39
8 47 0.51
8 48 0.43
8 49 0.84
8 50 0.41
8 51 0.7
8 52 0.76
8 53 0.42
8 54 0.55
9 10 0.59
9 11 0.88
9 12 0.69
9 13 0.93
9 14 0.98
9 15 0.72
9 16 0.41
9 17 0.88
9 18 0.6
9 19 0.96
9 20 1
9 21 0.71
9 22 1.03
9 23 0.8
9 24 0.87
9 25 0.83
9 26 0.92
9 27 1
9 28 0.95
9 29 0.72
9 30 1.06
9 31 1.1
9 32 0.6
9 33 0.92
9 34 0.9
9 35 0.05
9 36 0.74
9 37 0.97
9 38 0.4
9 39 0.16
9 40 0.47
9 41 0.88
9 42 1.15
9 43 0.24
9 44 0.68
9 45 0.33
9 46 0.99
9 47 0.24
9 48 0.6
9 49 0.11
9 50 0.67
9 51 0.96
9 52 0.79
9 53 0.51
9 54 0.84
10 11 0.38
10 12 0.08
10 13 0.69
10 14 0.34
10 15 0.41
10 16 0.49
10 17 0.31
10 18 0.42
10 19 0.68
10 20 0.42
10 21 0.12
10 22 0.71
10 23 0.7
10 24 0.8
10 25 0.47
10 26 0.38
10 27 0.73
10 28 0.61
10 29 0.37
10 30 0.63
10 31 0.42
10 32 0.09
10 33 0.27
10 34 0.32
10 35 0.59
10 36 0.22
10 37 0.27
10 38 0.42
10 39 0.63
10 40 0.42
10 41 0.46
10 42 0.44
10 43 0.5
10 44 0.75
10 45 0.59
10 46 0.36
10 47 0.41
10 48 0.49
10 49 0.7
10 50 0.53
10 51 0.55
10 52 0.81
10 53 0.21
10 54 0.69
11 12 0.44
11 13 1.07
11 14 0.44
11 15 0
11 16 0.42
11 17 0.33
11 18 0.72
11 19 1.04
11 20 0.43
11 21 0.52
11 22 1.03
11 23 1.06
11 24 1.29
11 25 0.78
11 26 0.51
11 27 1.06
11 28 0.89
11 29 0.81
11 30 0.88
11 31 0.52
11 32 0.47
11 33 0.29
11 34 0.33
11 35 0.83
11 36 0.54
11 37 0.44
11 38 0.44
11 39 0.66
11 40 0.31
11 41 0.74
11 42 0.52
11 43 0.77
11 44 1.16
11 45 0.85
11 46 0.44
11 47 0.55
11 48 0.88
11 49 0.93
11 50 0.8
11 51 0.22
11 52 1.17
11 53 0.31
11 54 1.05
12 13 0.62
12 14 0.3
12 15 0.43
12 16 0.54
12 17 0.33
12 18 0.37
12 19 0.58
12 20 0.43
12 21 0.05
12 22 0.6
12 23 0.69
12 24 0.86
12 25 0.34
12 26 0.38
12 27 0.58
12 28 0.55
12 29 0.34
12 30 0.53
12 31 0.4
12 32 0.08
12 33 0.27
12 34 0.31
12 35 0.6
12 36 0.16
12 37 0.24
12 38 0.48
12 39 0.59
12 40 0.47
12 41 0.4
12 42 0.44
12 43 0.53
12 44 0.74
12 45 0.55
12 46 0.35
12 47 0.49
12 48 0.48
12 49 0.77
12 50 0.42
12 51 0.57
12 52 0.83
12 53 0.27
12 54 0.67
13 14 0.78
13 15 1.12
13 16 1.05
13 17 0.91
13 18 0.37
13 19 0.08
13 20 0.9
13 21 0.64
13 22 0.18
13 23 0.27
13 24 0.35
13 25 0.29
13 26 0.79
13 27 0.06
13 28 0.1
13 29 0.32
13 30 0.4
13 31 0.7
13 32 0.63
13 33 0.84
13 34 0.9
13 35 0.87
13 36 0.57
13 37 0.67
13 38 1.05
13 39 1.01
13 40 1.07
13 41 0.26
13 42 0.74
13 43 0.74
13 44 0.44
13 45 0.71
13 46 0.81
13 47 0.86
13 48 0.35
13 49 1.07
13 50 0.33
13 51 1.16
13 52 0.4
13 53 0.9
13 54 0.11
14 15 0.4
14 16 0.75
14 17 0.09
14 18 0.63
14 19 0.8
14 20 0.09
14 21 0.31
14 22 0.74
14 23 0.93
14 24 1.04
14 25 0.47
14 26 0.06
14 27 0.76
14 28 0.68
14 29 0.57
14 30 0.57
14 31 0.15
14 32 0.41
14 33 0.12
14 34 0.11
14 35 0.94
14 36 0.24
14 37 0.09
14 38 0.69
14 39 0.94
14 40 0.67
14 41 0.57
14 42 0.15
14 43 0.81
14 44 1.03
14 45 0.82
14 46 0.03
14 47 0.77
14 48 0.73
14 49 1.04
14 50 0.77
14 51 0.39
14 52 1.04
14 53 0.51
14 54 0.84
15 16 0.44
15 17 0.33
15 18 0.8
15 19 1.05
15 20 0.5
15 21 0.46
15 22 0.94
15 23 1.02
15 24 1.2
15 25 0.78
15 26 0.46
15 27 1.06
15 28 1.03
15 29 0.78
15 30 0.9
15 31 0.51
15 32 0.46
15 33 0.3
15 34 0.3
15 35 0.78
15 36 0.54
15 37 0.43
15 38 0.42
15 39 0.7
15 40 0.33
15 41 0.81
15 42 0.54
15 43 0.79
15 44 1.21
15 45 0.82
15 46 0.4
15 47 0.55
15 48 0.81
15 49 0.9
15 50 0.85
15 51 0.23
15 52 1.26
15 53 0.27
15 54 1.03
16 17 0.69
16 18 0.69
16 19 1.17
16 20 0.77
16 21 0.56
16 22 1.08
16 23 1
16 24 1.14
16 25 0.94
16 26 0.8
16 27 1.1
16 28 1.03
16 29 0.82
16 30 1.15
16 31 0.94
16 32 0.53
16 33 0.6
16 34 0.63
16 35 0.42
16 36 0.71
16 37 0.71
16 38 0.06
16 39 0.29
16 40 0.1
16 41 0.89
16 42 0.93
16 43 0.5
16 44 0.91
16 45 0.6
16 46 0.73
16 47 0.23
16 48 0.74
16 49 0.44
16 50 0.8
16 51 0.65
16 52 1.13
16 53 0.28
16 54 1.06
17 18 0.64
17 19 0.79
17 20 0.15
17 21 0.31
17 22 0.8
17 23 0.9
17 24 1.13
17 25 0.57
17 26 0.15
17 27 0.86
17 28 0.71
17 29 0.63
17 30 0.58
17 31 0.21
17 32 0.4
17 33 0.06
17 34 0.02
17 35 0.86
17 36 0.27
17 37 0.13
17 38 0.62
17 39 0.82
17 40 0.59
17 41 0.59
17 42 0.24
17 43 0.81
17 44 1.04
17 45 0.85
17 46 0.09
17 47 0.7
17 48 0.79
17 49 1.08
17 50 0.74
17 51 0.36
17 52 1.14
17 53 0.46
17 54 0.87
18 19 0.42
18 20 0.77
18 21 0.31
18 22 0.44
18 23 0.35
18 24 0.46
18 25 0.28
18 26 0.63
18 27 0.38
18 28 0.31
18 29 0.12
18 30 0.5
18 31 0.63
18 32 0.27
18 33 0.58
18 34 0.65
18 35 0.56
18 36 0.4
18 37 0.53
18 38 0.6
18 39 0.67
18 40 0.66
18 41 0.24
18 42 0.61
18 43 0.36
18 44 0.36
18 45 0.36
18 46 0.61
18 47 0.53
18 48 0.12
18 49 0.68
18 50 0.12
18 51 1.02
18 52 0.48
18 53 0.53
18 54 0.35
19 20 0.79
19 21 0.56
19 22 0.09
19 23 0.3
19 24 0.48
19 25 0.26
19 26 0.72
19 27 0.02
19 28 0.09
19 29 0.32
19 30 0.32
19 31 0.66
19 32 0.67
19 33 0.72
19 34 0.77
19 35 0.98
19 36 0.56
19 37 0.62
19 38 1.01
19 39 1.05
19 40 1.14
19 41 0.23
19 42 0.67
19 43 0.69
19 44 0.48
19 45 0.63
19 46 0.78
19 47 0.93
19 48 0.38
19 49 0.99
19 50 0.32
19 51 1.18
19 52 0.44
19 53 0.86
19 54 0.2
20 21 0.42
20 22 0.71
20 23 1
20 24 1.12
20 25 0.54
20 26 0.08
20 27 0.83
20 28 0.77
20 29 0.62
20 30 0.56
20 31 0.11
20 32 0.45
20 33 0.2
20 34 0.18
20 35 0.98
20 36 0.31
20 37 0.2
20 38 0.86
20 39 1.05
20 40 0.7
20 41 0.56
20 42 0.15
20 43 0.93
20 44 1.08
20 45 0.93
20 46 0.06
20 47 0.76
20 48 0.83
20 49 1.05
20 50 0.79
20 51 0.46
20 52 1.27
20 53 0.59
20 54 0.9
21 22 0.59
21 23 0.64
21 24 0.81
21 25 0.32
21 26 0.34
21 27 0.59
21 28 0.47
21 29 0.31
21 30 0.52
21 31 0.36
21 32 0.1
21 33 0.28
21 34 0.32
21 35 0.62
21 36 0.13
21 37 0.21
21 38 0.54
21 39 0.72
21 40 0.55
21 41 0.34
21 42 0.38
21 43 0.57
21 44 0.73
21 45 0.54
21 46 0.35
21 47 0.47
21 48 0.45
21 49 0.73
21 50 0.44
21 51 0.6
21 52 0.76
21 53 0.33
21 54 0.61
22 23 0.42
22 24 0.59
22 25 0.26
22 26 0.69
22 27 0.12
22 28 0.15
22 29 0.37
22 30 0.22
22 31 0.63
22 32 0.67
22 33 0.74
22 34 0.78
22 35 1
22 36 0.52
22 37 0.65
22 38 1.15
22 39 1.18
22 40 1.07
22 41 0.26
22 42 0.66
22 43 0.78
22 44 0.57
22 45 0.77
22 46 0.71
22 47 0.97
22 48 0.47
22 49 1.26
22 50 0.42
22 51 1.15
22 52 0.56
22 53 0.91
22 54 0.27
23 24 0.15
23 25 0.46
23 26 1.01
23 27 0.32
23 28 0.26
23 29 0.38
23 30 0.66
23 31 0.88
23 32 0.68
23 33 0.92
23 34 0.92
23 35 0.78
23 36 0.65
23 37 0.91
23 38 0.9
23 39 0.9
23 40 0.99
23 41 0.41
23 42 0.89
23 43 0.57
23 44 0.17
23 45 0.46
23 46 0.94
23 47 0.83
23 48 0.23
23 49 0.83
23 50 0.21
23 51 1.21
23 52 0.15
23 53 0.77
23 54 0.13
24 25 0.57
24 26 1.04
24 27 0.44
24 28 0.47
24 29 0.49
24 30 0.78
24 31 1.06
24 32 0.85
24 33 0.96
24 34 1.09
24 35 0.83
24 36 0.79
24 37 0.96
24 38 1.07
24 39 1.02
24 40 1.15
24 41 0.5
24 42 1.05
24 43 0.62
24 44 0.17
24 45 0.55
24 46 1.09
24 47 0.95
24 48 0.34
24 49 0.88
24 50 0.35
24 51 1.43
24 52 0.02
24 53 1
24 54 0.28
25 26 0.53
25 27 0.27
25 28 0.22
25 29 0.15
25 30 0.31
25 31 0.51
25 32 0.34
25 33 0.53
25 34 0.53
25 35 0.82
25 36 0.25
25 37 0.41
25 38 0.74
25 39 0.97
25 40 0.75
25 41 0.06
25 42 0.47
25 43 0.59
25 44 0.54
25 45 0.65
25 46 0.58
25 47 0.72
25 48 0.31
25 49 0.91
25 50 0.29
25 51 0.92
25 52 0.54
25 53 0.67
25 54 0.35
26 27 0.75
26 28 0.75
26 29 0.56
26 30 0.46
26 31 0.07
26 32 0.41
26 33 0.19
26 34 0.15
26 35 0.93
26 36 0.26
26 37 0.12
26 38 0.75
26 39 0.94
26 40 0.75
26 41 0.53
26 42 0.09
26 43 0.82
26 44 1.03
26 45 0.93
26 46 0.06
26 47 0.84
26 48 0.75
26 49 1.23
26 50 0.75
26 51 0.47
26 52 1.08
26 53 0.56
26 54 0.9
27 28 0.1
27 29 0.37
27 30 0.34
27 31 0.7
27 32 0.64
27 33 0.76
27 34 0.8
27 35 0.9
27 36 0.51
27 37 0.67
27 38 0.98
27 39 1.07
27 40 0.96
27 41 0.25
27 42 0.7
27 43 0.74
27 44 0.43
27 45 0.63
27 46 0.86
27 47 0.94
27 48 0.38
27 49 1.02
27 50 0.37
27 51 1.09
27 52 0.41
27 53 0.94
27 54 0.17
28 29 0.26
28 30 0.35
28 31 0.66
28 32 0.5
28 33 0.7
28 34 0.78
28 35 0.81
28 36 0.46
28 37 0.62
28 38 0.98
28 39 1.01
28 40 1.01
28 41 0.17
28 42 0.62
28 43 0.67
28 44 0.43
28 45 0.58
28 46 0.7
28 47 0.79
28 48 0.32
28 49 1.03
28 50 0.27
28 51 1.05
28 52 0.39
28 53 0.78
28 54 0.18
29 30 0.43
29 31 0.58
29 32 0.31
29 33 0.54
29 34 0.57
29 35 0.67
29 36 0.34
29 37 0.48
29 38 0.73
29 39 0.75
29 40 0.71
29 41 0.13
29 42 0.56
29 43 0.49
29 44 0.42
29 45 0.45
29 46 0.6
29 47 0.62
29 48 0.2
29 49 0.79
29 50 0.19
29 51 0.9
29 52 0.53
29 53 0.56
29 54 0.32
30 31 0.43
30 32 0.6
30 33 0.59
30 34 0.67
30 35 1.06
30 36 0.41
30 37 0.46
30 38 1
30 39 1.07
30 40 1.11
30 41 0.28
30 42 0.45
30 43 0.87
30 44 0.79
30 45 0.81
30 46 0.51
30 47 1.07
30 48 0.59
30 49 1.17
30 50 0.59
30 51 0.96
30 52 0.79
30 53 0.81
30 54 0.5
31 32 0.47
31 33 0.26
31 34 0.24
31 35 0.92
31 36 0.26
31 37 0.17
31 38 0.83
31 39 1.04
31 40 0.78
31 41 0.52
31 42 0.02
31 43 0.84
31 44 0.95
31 45 1.01
31 46 0.13
31 47 0.87
31 48 0.74
31 49 1.2
31 50 0.8
31 51 0.54
31 52 1.07
31 53 0.61
31 54 0.88
32 33 0.31
32 34 0.35
32 35 0.51
32 36 0.23
32 37 0.28
32 38 0.4
32 39 0.58
32 40 0.44
32 41 0.37
32 42 0.48
32 43 0.41
32 44 0.61
32 45 0.48
32 46 0.44
32 47 0.41
32 48 0.44
32 49 0.7
32 50 0.41
32 51 0.67
32 52 0.71
32 53 0.25
32 54 0.64
33 34 0.04
33 35 0.74
33 36 0.25
33 37 0.12
33 38 0.55
33 39 0.75
33 40 0.58
33 41 0.57
33 42 0.29
33 43 0.76
33 44 0.9
33 45 0.82
33 46 0.14
33 47 0.63
33 48 0.7
33 49 1
33 50 0.76
33 51 0.37
33 52 1.09
33 53 0.36
33 54 0.87
34 35 0.85
34 36 0.28
34 37 0.13
34 38 0.66
34 39 0.91
34 40 0.57
34 41 0.59
34 42 0.25
34 43 0.79
34 44 1.04
34 45 0.87
34 46 0.11
34 47 0.65
34 48 0.83
34 49 1
34 50 0.82
34 51 0.35
34 52 1.07
34 53 0.4
34 54 0.95
35 36 0.74
35 37 0.83
35 38 0.37
35 39 0.18
35 40 0.45
35 41 0.82
35 42 1.02
35 43 0.19
35 44 0.6
35 45 0.27
35 46 0.98
35 47 0.21
35 48 0.56
35 49 0.15
35 50 0.57
35 51 1.01
35 52 0.81
35 53 0.49
35 54 0.76
36 37 0.15
36 38 0.65
36 39 0.84
36 40 0.66
36 41 0.31
36 42 0.3
36 43 0.64
36 44 0.81
36 45 0.65
36 46 0.27
36 47 0.6
36 48 0.51
36 49 0.94
36 50 0.51
36 51 0.6
36 52 0.84
36 53 0.45
36 54 0.57
37 38 0.62
37 39 0.83
37 40 0.6
37 41 0.5
37 42 0.18
37 43 0.77
37 44 0.89
37 45 0.76
37 46 0.13
37 47 0.67
37 48 0.69
37 49 1.04
37 50 0.62
37 51 0.46
37 52 1.01
37 53 0.45
37 54 0.76
38 39 0.27
38 40 0.09
38 41 0.8
38 42 0.81
38 43 0.47
38 44 0.97
38 45 0.61
38 46 0.69
38 47 0.17
38 48 0.69
38 49 0.49
38 50 0.73
38 51 0.64
38 52 1.08
38 53 0.21
38 54 0.91
39 40 0.36
39 41 0.89
39 42 1.06
39 43 0.37
39 44 0.85
39 45 0.41
39 46 0.91
39 47 0.16
39 48 0.64
39 49 0.2
39 50 0.7
39 51 0.9
39 52 0.96
39 53 0.46
39 54 1.08
40 41 0.82
40 42 0.77
40 43 0.53
40 44 1.01
40 45 0.6
40 46 0.62
40 47 0.25
40 48 0.79
40 49 0.55
40 50 0.78
40 51 0.58
40 52 1.11
40 53 0.19
40 54 1.11
41 42 0.51
41 43 0.67
41 44 0.48
41 45 0.65
41 46 0.56
41 47 0.69
41 48 0.31
41 49 0.96
41 50 0.29
41 51 0.94
41 52 0.52
41 53 0.6
41 54 0.31
42 43 0.89
42 44 0.98
42 45 0.86
42 46 0.14
42 47 0.89
42 48 0.76
42 49 1.07
42 50 0.72
42 51 0.55
42 52 1.13
42 53 0.61
42 54 0.83
43 44 0.46
43 45 0.1
43 46 0.86
43 47 0.26
43 48 0.34
43 49 0.35
43 50 0.4
43 51 0.99
43 52 0.66
43 53 0.45
43 54 0.67
44 45 0.4
44 46 0.99
44 47 0.78
44 48 0.25
44 49 0.8
44 50 0.27
44 51 1.25
44 52 0.17
44 53 0.81
44 54 0.32
45 46 0.97
45 47 0.38
45 48 0.29
45 49 0.39
45 50 0.33
45 51 1.09
45 52 0.52
45 53 0.6
45 54 0.61
46 47 0.76
46 48 0.7
46 49 1.07
46 50 0.78
46 51 0.45
46 52 1.05
46 53 0.5
46 54 0.93
47 48 0.61
47 49 0.31
47 50 0.59
47 51 0.8
47 52 1
47 53 0.27
47 54 0.82
48 49 0.63
48 50 0.03
48 51 1.04
48 52 0.36
48 53 0.62
48 54 0.28
49 50 0.72
49 51 1.07
49 52 0.92
49 53 0.56
49 54 1.04
50 51 1.05
50 52 0.36
50 53 0.61
50 54 0.28
51 52 1.34
51 53 0.58
51 54 1.27
52 53 1.02
52 54 0.24
53 54 0.87