0 1 0.6
0 2 0.71
0 3 1.02
0 4 0.11
0 5 0.29
0 6 0.42
0 7 0.37
0 8 0.94
0 9 1.01
0 10 0.4
0 11 0.71
0 12 0.81
0 13 0.63
0 14 0.76
0 15 0.39
0 16 0.22
0 17 0.68
0 18 0.31
0 19 0.99
0 20 0.3
0 21 1.06
0 22 1
0 23 0.28
0 24 0.77
0 25 0.57
0 26 0.83
0 27 0.73
0 28 0.25
0 29 0.39
0 30 0.15
0 31 1.07
0 32 0.4
0 33 1.07
0 34 0.37
0 35 0.33
0 36 0.57
0 37 0.87
0 38 0.84
0 39 0.4
0 40 1.04
0 41 0.57
0 42 0.71
0 43 0.07
0 44 0.95
0 45 0.86
0 46 0.55
0 47 0.72
0 48 1.1
0 49 0.39
0 50 0.43
0 51 0.73
0 52 0.14
0 53 0.89
1 2 0.78
1 3 0.66
1 4 0.47
1 5 0.46
1 6 0.47
1 7 0.32
1 8 0.76
1 9 0.44
1 10 0.22
1 11 0.4
1 12 0.79
1 13 0.48
1 14 0.78
1 15 0.22
1 16 0.5
1 17 0.14
1 18 0.59
1 19 0.81
1 20 0.3
1 21 0.48
1 22 0.67
1 23 0.34
1 24 1.03
1 25 0.99
1 26 0.18
1 27 0.76
1 28 0.45
1 29 0.21
1 30 0.69
1 31 0.88
1 32 0.55
1 33 0.46
1 34 0.76
1 35 0.27
1 36 0.1
1 37 0.83
1 38 0.34
1 39 0.31
1 40 1.03
1 41 0.85
1 42 0.95
1 43 0.5
1 44 0.44
1 45 0.19
1 46 0.87
1 47 1.07
1 48 1.04
1 49 0.25
1 50 0.33
1 51 0.97
1 52 0.61
1 53 0.58
2 3 0.6
2 4 0.81
2 5 0.88
2 6 0.46
2 7 0.82
2 8 0.29
2 9 0.64
2 10 0.62
2 11 0.34
2 12 0.05
2 13 0.34
2 14 0.06
2 15 0.69
2 16 0.56
2 17 0.67
2 18 0.94
2 19 0.29
2 20 0.83
2 21 0.95
2 22 0.54
2 23 0.82
2 24 0.24
2 25 0.6
2 26 0.71
2 27 0.07
2 28 0.93
2 29 0.71
2 30 0.8
2 31 0.39
2 32 0.37
2 33 0.79
2 34 0.54
2 35 0.62
2 36 0.78
2 37 0.16
2 38 0.64
2 39 0.91
2 40 0.36
2 41 0.47
2 42 0.27
2 43 0.7
2 44 0.6
2 45 0.81
2 46 0.34
2 47 0.53
2 48 0.36
2 49 0.78
2 50 0.88
2 51 0.3
2 52 0.62
2 53 0.48
3 4 1
3 5 0.9
3 6 0.61
3 7 0.89
3 8 0.36
3 9 0.26
3 10 0.64
3 11 0.29
3 12 0.49
3 13 0.36
3 14 0.54
3 15 0.66
3 16 0.85
3 17 0.46
3 18 1.04
3 19 0.33
3 20 0.91
3 21 0.41
3 22 0.07
3 23 0.84
3 24 0.76
3 25 1.13
3 26 0.45
3 27 0.5
3 28 0.93
3 29 0.72
3 30 0.96
3 31 0.32
3 32 0.66
3 33 0.25
3 34 0.92
3 35 0.73
3 36 0.73
3 37 0.5
3 38 0.28
3 39 0.85
3 40 0.46
3 41 0.92
3 42 0.85
3 43 0.99
3 44 0.15
3 45 0.51
3 46 0.82
3 47 1.09
3 48 0.58
3 49 0.81
3 50 0.94
3 51 0.85
3 52 0.92
3 53 0.09
4 5 0.21
4 6 0.38
4 7 0.25
4 8 0.95
4 9 0.92
4 10 0.37
4 11 0.69
4 12 0.78
4 13 0.62
4 14 0.72
4 15 0.29
4 16 0.22
4 17 0.58
4 18 0.22
4 19 1.07
4 20 0.18
4 21 0.94
4 22 0.98
4 23 0.17
4 24 0.9
4 25 0.66
4 26 0.68
4 27 0.76
4 28 0.15
4 29 0.28
4 30 0.25
4 31 1.06
4 32 0.45
4 33 0.91
4 34 0.44
4 35 0.25
4 36 0.47
4 37 0.95
4 38 0.79
4 39 0.28
4 40 1.09
4 41 0.64
4 42 0.75
4 43 0.09
4 44 0.78
4 45 0.71
4 46 0.65
4 47 0.79
4 48 1.06
4 49 0.3
4 50 0.31
4 51 0.73
4 52 0.19
4 53 0.85
5 6 0.56
5 7 0.1
5 8 1.19
5 9 0.91
5 10 0.39
5 11 0.76
5 12 1.01
5 13 0.73
5 14 0.87
5 15 0.31
5 16 0.38
5 17 0.57
5 18 0.09
5 19 1.12
5 20 0.17
5 21 0.98
5 22 1.05
5 23 0.18
5 24 1.04
5 25 0.85
5 26 0.66
5 27 0.89
5 28 0.07
5 29 0.27
5 30 0.45
5 31 1.11
5 32 0.53
5 33 0.87
5 34 0.65
5 35 0.3
5 36 0.35
5 37 1.06
5 38 0.72
5 39 0.15
5 40 1.11
5 41 0.86
5 42 1
5 43 0.29
5 44 0.93
5 45 0.61
5 46 0.76
5 47 1
5 48 1.16
5 49 0.19
5 50 0.16
5 51 0.88
5 52 0.43
5 53 0.85
6 7 0.49
6 8 0.66
6 9 0.62
6 10 0.22
6 11 0.3
6 12 0.42
6 13 0.27
6 14 0.36
6 15 0.26
6 16 0.19
6 17 0.39
6 18 0.6
6 19 0.55
6 20 0.38
6 21 0.72
6 22 0.61
6 23 0.34
6 24 0.56
6 25 0.58
6 26 0.48
6 27 0.37
6 28 0.45
6 29 0.3
6 30 0.4
6 31 0.68
6 32 0.09
6 33 0.7
6 34 0.36
6 35 0.24
6 36 0.49
6 37 0.57
6 38 0.5
6 39 0.49
6 40 0.7
6 41 0.45
6 42 0.47
6 43 0.34
6 44 0.52
6 45 0.54
6 46 0.4
6 47 0.67
6 48 0.7
6 49 0.44
6 50 0.57
6 51 0.5
6 52 0.35
6 53 0.54
7 8 1.06
7 9 0.8
7 10 0.29
7 11 0.63
7 12 0.91
7 13 0.66
7 14 0.75
7 15 0.25
7 16 0.39
7 17 0.47
7 18 0.17
7 19 1.15
7 20 0.13
7 21 0.84
7 22 0.94
7 23 0.14
7 24 0.96
7 25 0.94
7 26 0.5
7 27 0.77
7 28 0.11
7 29 0.17
7 30 0.52
7 31 1
7 32 0.55
7 33 0.81
7 34 0.62
7 35 0.23
7 36 0.28
7 37 1.11
7 38 0.67
7 39 0.06
7 40 1.12
7 41 0.8
7 42 0.89
7 43 0.34
7 44 0.74
7 45 0.51
7 46 0.83
7 47 0.93
7 48 1.19
7 49 0.1
7 50 0.1
7 51 0.93
7 52 0.41
7 53 0.84
8 9 0.57
8 10 0.74
8 11 0.39
8 12 0.25
8 13 0.38
8 14 0.36
8 15 0.79
8 16 0.78
8 17 0.71
8 18 1.18
8 19 0.02
8 20 0.88
8 21 0.82
8 22 0.3
8 23 0.88
8 24 0.46
8 25 0.85
8 26 0.68
8 27 0.29
8 28 1.14
8 29 0.84
8 30 1.07
8 31 0.12
8 32 0.56
8 33 0.65
8 34 0.87
8 35 0.9
8 36 0.92
8 37 0.18
8 38 0.58
8 39 1.07
8 40 0.11
8 41 0.76
8 42 0.57
8 43 0.95
8 44 0.45
8 45 0.8
8 46 0.63
8 47 0.79
8 48 0.19
8 49 0.96
8 50 1.02
8 51 0.63
8 52 0.93
8 53 0.39
9 10 0.51
9 11 0.32
9 12 0.71
9 13 0.4
9 14 0.74
9 15 0.56
9 16 0.78
9 17 0.27
9 18 0.99
9 19 0.55
9 20 0.68
9 21 0.2
9 22 0.3
9 23 0.74
9 24 0.99
9 25 1.21
9 26 0.26
9 27 0.61
9 28 0.87
9 29 0.64
9 30 1.02
9 31 0.55
9 32 0.66
9 33 0.05
9 34 0.91
9 35 0.61
9 36 0.52
9 37 0.7
9 38 0.14
9 39 0.75
9 40 0.64
9 41 1.01
9 42 0.94
9 43 0.89
9 44 0.12
9 45 0.27
9 46 0.87
9 47 1.18
9 48 0.77
9 49 0.63
9 50 0.74
9 51 0.96
9 52 0.91
9 53 0.19
10 11 0.35
10 12 0.69
10 13 0.34
10 14 0.55
10 15 0.08
10 16 0.3
10 17 0.26
10 18 0.49
10 19 0.76
10 20 0.23
10 21 0.59
10 22 0.63
10 23 0.21
10 24 0.81
10 25 0.79
10 26 0.35
10 27 0.57
10 28 0.35
10 29 0.12
10 30 0.5
10 31 0.79
10 32 0.34
10 33 0.55
10 34 0.52
10 35 0.11
10 36 0.26
10 37 0.69
10 38 0.39
10 39 0.31
10 40 0.92
10 41 0.62
10 42 0.66
10 43 0.37
10 44 0.44
10 45 0.32
10 46 0.6
10 47 0.88
10 48 0.95
10 49 0.22
10 50 0.36
10 51 0.73
10 52 0.39
10 53 0.5
11 12 0.4
11 13 0.09
11 14 0.36
11 15 0.44
11 16 0.5
11 17 0.32
11 18 0.81
11 19 0.36
11 20 0.57
11 21 0.51
11 22 0.31
11 23 0.54
11 24 0.61
11 25 0.8
11 26 0.34
11 27 0.32
11 28 0.65
11 29 0.47
11 30 0.7
11 31 0.42
11 32 0.37
11 33 0.39
11 34 0.67
11 35 0.44
11 36 0.51
11 37 0.44
11 38 0.22
11 39 0.7
11 40 0.52
11 41 0.66
11 42 0.56
11 43 0.69
11 44 0.22
11 45 0.39
11 46 0.6
11 47 0.86
11 48 0.61
11 49 0.55
11 50 0.68
11 51 0.62
11 52 0.6
11 53 0.2
12 13 0.31
12 14 0.11
12 15 0.75
12 16 0.57
12 17 0.67
12 18 0.98
12 19 0.26
12 20 0.85
12 21 0.91
12 22 0.51
12 23 0.82
12 24 0.29
12 25 0.63
12 26 0.7
12 27 0.08
12 28 0.89
12 29 0.83
12 30 0.72
12 31 0.38
12 32 0.35
12 33 0.73
12 34 0.6
12 35 0.73
12 36 0.79
12 37 0.1
12 38 0.57
12 39 0.9
12 40 0.3
12 41 0.51
12 42 0.29
12 43 0.78
12 44 0.57
12 45 0.76
12 46 0.39
12 47 0.6
12 48 0.31
12 49 0.78
12 50 0.98
12 51 0.32
12 52 0.67
12 53 0.44
13 14 0.29
13 15 0.41
13 16 0.42
13 17 0.4
13 18 0.79
13 19 0.35
13 20 0.51
13 21 0.6
13 22 0.35
13 23 0.48
13 24 0.58
13 25 0.73
13 26 0.45
13 27 0.26
13 28 0.67
13 29 0.45
13 30 0.66
13 31 0.47
13 32 0.26
13 33 0.49
13 34 0.57
13 35 0.42
13 36 0.52
13 37 0.38
13 38 0.26
13 39 0.71
13 40 0.5
13 41 0.6
13 42 0.5
13 43 0.61
13 44 0.31
13 45 0.49
13 46 0.52
13 47 0.8
13 48 0.59
13 49 0.55
13 50 0.71
13 51 0.58
13 52 0.56
13 53 0.29
14 15 0.64
14 16 0.51
14 17 0.71
14 18 0.86
14 19 0.33
14 20 0.74
14 21 0.83
14 22 0.53
14 23 0.68
14 24 0.25
14 25 0.54
14 26 0.77
14 27 0.05
14 28 0.91
14 29 0.65
14 30 0.71
14 31 0.45
14 32 0.3
14 33 0.74
14 34 0.52
14 35 0.61
14 36 0.79
14 37 0.22
14 38 0.51
14 39 0.88
14 40 0.39
14 41 0.36
14 42 0.24
14 43 0.73
14 44 0.54
14 45 0.72
14 46 0.3
14 47 0.49
14 48 0.42
14 49 0.77
14 50 0.97
14 51 0.26
14 52 0.54
14 53 0.56
15 16 0.24
15 17 0.3
15 18 0.41
15 19 0.76
15 20 0.15
15 21 0.73
15 22 0.79
15 23 0.14
15 24 0.81
15 25 0.79
15 26 0.37
15 27 0.66
15 28 0.27
15 29 0.07
15 30 0.49
15 31 0.9
15 32 0.31
15 33 0.61
15 34 0.55
15 35 0.05
15 36 0.24
15 37 0.72
15 38 0.45
15 39 0.27
15 40 0.87
15 41 0.71
15 42 0.71
15 43 0.31
15 44 0.54
15 45 0.42
15 46 0.63
15 47 0.85
15 48 1.02
15 49 0.18
15 50 0.28
15 51 0.77
15 52 0.39
15 53 0.55
16 17 0.52
16 18 0.43
16 19 0.83
16 20 0.29
16 21 0.88
16 22 0.84
16 23 0.28
16 24 0.64
16 25 0.6
16 26 0.62
16 27 0.53
16 28 0.31
16 29 0.31
16 30 0.22
16 31 0.84
16 32 0.22
16 33 0.75
16 34 0.28
16 35 0.22
16 36 0.53
16 37 0.64
16 38 0.63
16 39 0.43
16 40 0.88
16 41 0.45
16 42 0.51
16 43 0.16
16 44 0.69
16 45 0.63
16 46 0.46
16 47 0.58
16 48 1.01
16 49 0.38
16 50 0.49
16 51 0.57
16 52 0.14
16 53 0.7
17 18 0.64
17 19 0.7
17 20 0.41
17 21 0.39
17 22 0.52
17 23 0.42
17 24 0.97
17 25 1.12
17 26 0.08
17 27 0.6
17 28 0.59
17 29 0.33
17 30 0.73
17 31 0.67
17 32 0.51
17 33 0.34
17 34 0.78
17 35 0.36
17 36 0.25
17 37 0.7
17 38 0.19
17 39 0.4
17 40 0.89
17 41 0.85
17 42 0.8
17 43 0.65
17 44 0.31
17 45 0.11
17 46 0.84
17 47 1.05
17 48 0.94
17 49 0.34
17 50 0.51
17 51 0.94
17 52 0.64
17 53 0.42
18 19 1.14
18 20 0.28
18 21 1.02
18 22 1.2
18 23 0.27
18 24 1.05
18 25 0.99
18 26 0.72
18 27 0.97
18 28 0.13
18 29 0.34
18 30 0.49
18 31 1.32
18 32 0.71
18 33 1.02
18 34 0.62
18 35 0.4
18 36 0.46
18 37 1.22
18 38 0.77
18 39 0.23
18 40 1.34
18 41 0.88
18 42 1.02
18 43 0.31
18 44 0.95
18 45 0.64
18 46 0.86
18 47 1.06
18 48 1.41
18 49 0.27
18 50 0.22
18 51 0.93
18 52 0.42
18 53 1.04
19 20 0.88
19 21 0.75
19 22 0.27
19 23 0.87
19 24 0.5
19 25 0.95
19 26 0.68
19 27 0.28
19 28 1.09
19 29 0.77
19 30 0.97
19 31 0.11
19 32 0.56
19 33 0.56
19 34 0.84
19 35 0.82
19 36 0.87
19 37 0.18
19 38 0.52
19 39 1.02
19 40 0.14
19 41 0.7
19 42 0.58
19 43 0.89
19 44 0.42
19 45 0.77
19 46 0.67
19 47 0.83
19 48 0.21
19 49 0.97
19 50 1.1
19 51 0.59
19 52 0.82
19 53 0.35
20 21 0.81
20 22 0.89
20 23 0.02
20 24 0.97
20 25 0.78
20 26 0.51
20 27 0.79
20 28 0.13
20 29 0.12
20 30 0.44
20 31 0.96
20 32 0.41
20 33 0.78
20 34 0.52
20 35 0.14
20 36 0.3
20 37 0.88
20 38 0.54
20 39 0.18
20 40 1.07
20 41 0.69
20 42 0.86
20 43 0.26
20 44 0.66
20 45 0.51
20 46 0.74
20 47 0.88
20 48 1.07
20 49 0.11
20 50 0.2
20 51 0.82
20 52 0.32
20 53 0.77
21 22 0.43
21 23 0.85
21 24 1.08
21 25 1.28
21 26 0.29
21 27 0.87
21 28 0.88
21 29 0.7
21 30 1.25
21 31 0.73
21 32 0.87
21 33 0.16
21 34 1.09
21 35 0.68
21 36 0.57
21 37 0.92
21 38 0.33
21 39 0.77
21 40 0.92
21 41 1.17
21 42 1.14
21 43 0.99
21 44 0.32
21 45 0.28
21 46 1.17
21 47 1.33
21 48 1.05
21 49 0.76
21 50 0.78
21 51 1.12
21 52 1.09
21 53 0.39
22 23 0.9
22 24 0.74
22 25 1.02
22 26 0.51
22 27 0.5
22 28 1
22 29 0.76
22 30 1.12
22 31 0.24
22 32 0.69
22 33 0.33
22 34 0.91
22 35 0.77
22 36 0.84
22 37 0.44
22 38 0.31
22 39 0.94
22 40 0.42
22 41 0.91
22 42 0.77
22 43 0.99
22 44 0.21
22 45 0.54
22 46 0.72
22 47 1.1
22 48 0.47
22 49 0.79
22 50 0.97
22 51 0.74
22 52 0.98
22 53 0.14
23 24 0.91
23 25 0.87
23 26 0.52
23 27 0.67
23 28 0.13
23 29 0.11
23 30 0.37
23 31 0.94
23 32 0.44
23 33 0.71
23 34 0.56
23 35 0.12
23 36 0.3
23 37 0.86
23 38 0.57
23 39 0.19
23 40 1.07
23 41 0.68
23 42 0.82
23 43 0.24
23 44 0.66
23 45 0.47
23 46 0.68
23 47 0.82
23 48 0.98
23 49 0.13
23 50 0.23
23 51 0.77
23 52 0.35
23 53 0.7
24 25 0.4
24 26 0.88
24 27 0.28
24 28 0.99
24 29 0.9
24 30 0.72
24 31 0.6
24 32 0.45
24 33 0.99
24 34 0.5
24 35 0.76
24 36 1.13
24 37 0.33
24 38 0.81
24 39 1.01
24 40 0.45
24 41 0.31
24 42 0.1
24 43 0.77
24 44 0.75
24 45 0.92
24 46 0.24
24 47 0.32
24 48 0.47
24 49 1.04
24 50 1
24 51 0.13
24 52 0.68
24 53 0.74
25 26 1.05
25 27 0.59
25 28 0.91
25 29 0.84
25 30 0.52
25 31 1.04
25 32 0.52
25 33 1.2
25 34 0.29
25 35 0.84
25 36 1.1
25 37 0.72
25 38 1.07
25 39 0.95
25 40 0.83
25 41 0.17
25 42 0.37
25 43 0.66
25 44 1.1
25 45 1.24
25 46 0.25
25 47 0.1
25 48 0.86
25 49 0.91
25 50 1.12
25 51 0.31
25 52 0.54
25 53 1.05
26 27 0.7
26 28 0.61
26 29 0.4
26 30 0.81
26 31 0.73
26 32 0.57
26 33 0.28
26 34 0.79
26 35 0.43
26 36 0.29
26 37 0.78
26 38 0.18
26 39 0.49
26 40 0.79
26 41 0.96
26 42 0.9
26 43 0.71
26 44 0.32
26 45 0.04
26 46 0.96
26 47 1.03
26 48 0.95
26 49 0.48
26 50 0.56
26 51 0.95
26 52 0.72
26 53 0.39
27 28 0.84
27 29 0.65
27 30 0.7
27 31 0.42
27 32 0.3
27 33 0.63
27 34 0.5
27 35 0.57
27 36 0.82
27 37 0.18
27 38 0.53
27 39 0.83
27 40 0.38
27 41 0.42
27 42 0.29
27 43 0.65
27 44 0.54
27 45 0.71
27 46 0.33
27 47 0.58
27 48 0.37
27 49 0.72
27 50 1.02
27 51 0.36
27 52 0.56
27 53 0.44
28 29 0.25
28 30 0.41
28 31 1.03
28 32 0.55
28 33 0.95
28 34 0.54
28 35 0.22
28 36 0.41
28 37 1.07
28 38 0.75
28 39 0.17
28 40 1.17
28 41 0.78
28 42 0.91
28 43 0.23
28 44 0.85
28 45 0.64
28 46 0.77
28 47 0.95
28 48 1.13
28 49 0.18
28 50 0.2
28 51 0.91
28 52 0.33
28 53 0.82
29 30 0.48
29 31 0.92
29 32 0.38
29 33 0.66
29 34 0.55
29 35 0.1
29 36 0.21
29 37 0.85
29 38 0.48
29 39 0.17
29 40 0.9
29 41 0.69
29 42 0.81
29 43 0.32
29 44 0.62
29 45 0.43
29 46 0.68
29 47 0.87
29 48 0.98
29 49 0.1
29 50 0.22
29 51 0.83
29 52 0.42
29 53 0.65
30 31 1.16
30 32 0.41
30 33 0.99
30 34 0.25
30 35 0.41
30 36 0.68
30 37 0.8
30 38 0.87
30 39 0.58
30 40 1.01
30 41 0.41
30 42 0.59
30 43 0.16
30 44 0.9
30 45 0.88
30 46 0.49
30 47 0.56
30 48 1.09
30 49 0.53
30 50 0.58
30 51 0.65
30 52 0.1
30 53 1.01
31 32 0.66
31 33 0.56
31 34 0.94
31 35 0.84
31 36 1.02
31 37 0.31
31 38 0.55
31 39 1.2
31 40 0.16
31 41 0.87
31 42 0.63
31 43 1.13
31 44 0.45
31 45 0.74
31 46 0.77
31 47 1.03
31 48 0.26
31 49 0.97
31 50 1.11
31 51 0.67
31 52 0.95
31 53 0.37
32 33 0.76
32 34 0.31
32 35 0.35
32 36 0.6
32 37 0.48
32 38 0.52
32 39 0.57
32 40 0.65
32 41 0.38
32 42 0.39
32 43 0.36
32 44 0.56
32 45 0.58
32 46 0.33
32 47 0.56
32 48 0.68
32 49 0.52
32 50 0.63
32 51 0.4
32 52 0.31
32 53 0.56
33 34 0.97
33 35 0.69
33 36 0.61
33 37 0.68
33 38 0.21
33 39 0.74
33 40 0.76
33 41 1.06
33 42 0.94
33 43 0.87
33 44 0.17
33 45 0.32
33 46 1
33 47 1.22
33 48 0.84
33 49 0.67
33 50 0.78
33 51 0.94
33 52 1
33 53 0.25
34 35 0.54
34 36 0.74
34 37 0.64
34 38 0.78
34 39 0.68
34 40 0.84
34 41 0.21
34 42 0.41
34 43 0.36
34 44 0.84
34 45 0.99
34 46 0.26
34 47 0.36
34 48 0.87
34 49 0.6
34 50 0.77
34 51 0.38
34 52 0.23
34 53 0.84
35 36 0.31
35 37 0.84
35 38 0.5
35 39 0.27
35 40 0.91
35 41 0.66
35 42 0.74
35 43 0.27
35 44 0.62
35 45 0.44
35 46 0.67
35 47 0.85
35 48 0.99
35 49 0.18
35 50 0.32
35 51 0.7
35 52 0.3
35 53 0.67
36 37 0.92
36 38 0.41
36 39 0.24
36 40 1.1
36 41 0.93
36 42 1
36 43 0.5
36 44 0.56
36 45 0.27
36 46 0.95
36 47 1.05
36 48 1.08
36 49 0.19
36 50 0.24
36 51 0.92
36 52 0.65
36 53 0.63
37 38 0.57
37 39 1.06
37 40 0.2
37 41 0.59
37 42 0.37
37 43 0.77
37 44 0.52
37 45 0.85
37 46 0.51
37 47 0.64
37 48 0.21
37 49 0.98
37 50 1.11
37 51 0.39
37 52 0.81
37 53 0.44
38 39 0.65
38 40 0.67
38 41 0.86
38 42 0.73
38 43 0.7
38 44 0.11
38 45 0.24
38 46 0.72
38 47 1
38 48 0.76
38 49 0.6
38 50 0.68
38 51 0.89
38 52 0.83
38 53 0.2
39 40 1.24
39 41 0.9
39 42 0.97
39 43 0.36
39 44 0.68
39 45 0.44
39 46 0.9
39 47 1.03
39 48 1.17
39 49 0.08
39 50 0.05
39 51 0.99
39 52 0.51
39 53 0.73
40 41 0.77
40 42 0.58
40 43 0.99
40 44 0.53
40 45 0.85
40 46 0.59
40 47 0.76
40 48 0.1
40 49 1.05
40 50 1.25
40 51 0.61
40 52 0.97
40 53 0.47
41 42 0.24
41 43 0.51
41 44 0.89
41 45 1
41 46 0.11
41 47 0.16
41 48 0.77
41 49 0.81
41 50 0.95
41 51 0.2
41 52 0.44
41 53 0.81
42 43 0.67
42 44 0.74
42 45 1.01
42 46 0.13
42 47 0.27
42 48 0.52
42 49 0.97
42 50 0.98
42 51 0.05
42 52 0.62
42 53 0.81
43 44 0.8
43 45 0.69
43 46 0.59
43 47 0.64
43 48 1.06
43 49 0.35
43 50 0.44
43 51 0.61
43 52 0.11
43 53 0.92
44 45 0.32
44 46 0.8
44 47 1.02
44 48 0.71
44 49 0.6
44 50 0.86
44 51 0.84
44 52 0.76
44 53 0.1
45 46 0.88
45 47 1.24
45 48 0.95
45 49 0.44
45 50 0.53
45 51 1.06
45 52 0.77
45 53 0.47
46 47 0.24
46 48 0.68
46 49 0.81
46 50 0.94
46 51 0.12
46 52 0.45
46 53 0.81
47 48 0.84
47 49 0.99
47 50 1.14
47 51 0.24
47 52 0.6
47 53 1.05
48 49 1.23
48 50 1.21
48 51 0.61
48 52 1.02
48 53 0.55
49 50 0.14
49 51 0.93
49 52 0.42
49 53 0.82
50 51 1.07
50 52 0.53
50 53 0.83
51 52 0.61
51 53 0.74
52 53 0.82