0 1 1.46
0 2 0.67
0 3 0.96
0 4 1.17
0 5 0.8
0 6 0.83
0 7 0.29
0 8 0.95
0 9 0.97
0 10 0.66
0 11 0.16
0 12 0.62
0 13 0.43
0 14 1.04
0 15 0.3
0 16 0.45
0 17 0.93
0 18 1.38
0 19 0.11
0 20 0.36
0 21 0.74
0 22 0.78
0 23 0.94
0 24 1.06
0 25 0.39
0 26 0.1
0 27 1
0 28 0.69
0 29 0.65
0 30 0.71
0 31 1.21
0 32 0.92
0 33 0.33
0 34 0.7
0 35 0.83
0 36 0.89
0 37 0.95
0 38 1.09
0 39 1.02
0 40 1.05
0 41 1.12
0 42 1
0 43 1.06
0 44 0.37
0 45 0.96
0 46 1.29
0 47 1.28
0 48 1
0 49 0.78
0 50 0.88
0 51 0.92
0 52 0.92
0 53 0.7
0 54 0.58
0 55 0.85
0 56 0.29
0 57 1.11
0 58 0.93
0 59 1.11
0 60 0.54
0 61 0.72
0 62 1.04
1 2 0.98
1 3 0.52
1 4 0.29
1 5 1.17
1 6 0.6
1 7 1.07
1 8 0.82
1 9 0.36
1 10 0.79
1 11 1.28
1 12 0.91
1 13 1.03
1 14 0.89
1 15 1.07
1 16 0.84
1 17 0.67
1 18 0.24
1 19 1.27
1 20 1.21
1 21 1.1
1 22 0.85
1 23 0.42
1 24 0.67
1 25 1.13
1 26 1.38
1 27 0.87
1 28 0.84
1 29 1.2
1 30 1.01
1 31 0.24
1 32 0.98
1 33 1.36
1 34 0.91
1 35 0.76
1 36 0.65
1 37 0.63
1 38 0.25
1 39 0.51
1 40 0.93
1 41 0.41
1 42 0.45
1 43 0.27
1 44 1.12
1 45 1.06
1 46 0.13
1 47 0.33
1 48 0.6
1 49 0.72
1 50 0.75
1 51 0.6
1 52 0.51
1 53 0.85
1 54 1.07
1 55 0.95
1 56 1.03
1 57 0.54
1 58 0.88
1 59 0.76
1 60 0.87
1 61 0.7
1 62 0.47
2 3 0.5
2 4 0.87
2 5 0.13
2 6 0.84
2 7 0.51
2 8 0.27
2 9 0.71
2 10 0.67
2 11 0.8
2 12 0.68
2 13 0.29
2 14 1.24
2 15 0.69
2 16 0.5
2 17 0.91
2 18 1.05
2 19 0.57
2 20 0.4
2 21 1.15
2 22 0.9
2 23 0.7
2 24 0.42
2 25 0.41
2 26 0.61
2 27 0.28
2 28 0.85
2 29 0.14
2 30 0.03
2 31 0.84
2 32 1.17
2 33 0.82
2 34 0.11
2 35 0.92
2 36 0.32
2 37 0.82
2 38 0.71
2 39 0.78
2 40 1.22
2 41 0.59
2 42 0.62
2 43 0.75
2 44 0.69
2 45 0.18
2 46 0.93
2 47 0.87
2 48 0.35
2 49 0.28
2 50 1.05
2 51 1.03
2 52 0.83
2 53 0.88
2 54 0.17
2 55 1.09
2 56 0.62
2 57 1.2
2 58 1.21
2 59 0.33
2 60 0.28
2 61 0.48
2 62 0.86
3 4 0.46
3 5 0.61
3 6 0.52
3 7 0.68
3 8 0.31
3 9 0.13
3 10 0.43
3 11 1.01
3 12 0.54
3 13 0.54
3 14 0.94
3 15 0.71
3 16 0.49
3 17 0.62
3 18 0.52
3 19 0.82
3 20 0.67
3 21 0.85
3 22 0.61
3 23 0.34
3 24 0.27
3 25 0.63
3 26 0.85
3 27 0.46
3 28 0.56
3 29 0.58
3 30 0.51
3 31 0.28
3 32 0.77
3 33 0.87
3 34 0.43
3 35 0.63
3 36 0.18
3 37 0.46
3 38 0.27
3 39 0.37
3 40 0.91
3 41 0.07
3 42 0.09
3 43 0.28
3 44 0.8
3 45 0.55
3 46 0.44
3 47 0.48
3 48 0.14
3 49 0.26
3 50 0.71
3 51 0.61
3 52 0.45
3 53 0.74
3 54 0.65
3 55 0.81
3 56 0.71
3 57 0.64
3 58 0.75
3 59 0.42
3 60 0.39
3 61 0.25
3 62 0.53
4 5 1.02
4 6 0.35
4 7 0.87
4 8 0.69
4 9 0.3
4 10 0.5
4 11 1.07
4 12 0.64
4 13 0.86
4 14 0.66
4 15 0.83
4 16 0.66
4 17 0.45
4 18 0.14
4 19 1.05
4 20 0.93
4 21 0.71
4 22 0.47
4 23 0.18
4 24 0.73
4 25 0.87
4 26 1.15
4 27 0.93
4 28 0.47
4 29 0.94
4 30 0.94
4 31 0.18
4 32 0.57
4 33 0.9
4 34 0.75
4 35 0.36
4 36 0.62
4 37 0.35
4 38 0.24
4 39 0.22
4 40 0.66
4 41 0.38
4 42 0.36
4 43 0.16
4 44 0.8
4 45 0.94
4 46 0.19
4 47 0.02
4 48 0.52
4 49 0.66
4 50 0.42
4 51 0.32
4 52 0.21
4 53 0.68
4 54 0.91
4 55 0.58
4 56 0.79
4 57 0.31
4 58 0.54
4 59 0.78
4 60 0.66
4 61 0.54
4 62 0.14
5 6 0.99
5 7 0.62
5 8 0.31
5 9 0.72
5 10 0.81
5 11 0.94
5 12 0.85
5 13 0.42
5 14 1.35
5 15 0.75
5 16 0.62
5 17 1.08
5 18 1.13
5 19 0.67
5 20 0.46
5 21 1.2
5 22 1.14
5 23 0.88
5 24 0.45
5 25 0.49
5 26 0.77
5 27 0.24
5 28 0.88
5 29 0.21
5 30 0.14
5 31 0.9
5 32 1.23
5 33 0.98
5 34 0.25
5 35 1.06
5 36 0.39
5 37 1.07
5 38 0.82
5 39 0.89
5 40 1.35
5 41 0.62
5 42 0.66
5 43 0.85
5 44 0.84
5 45 0.12
5 46 0.98
5 47 1.08
5 48 0.44
5 49 0.34
5 50 1.13
5 51 1.09
5 52 1
5 53 1.06
5 54 0.26
5 55 1.3
5 56 0.73
5 57 1.19
5 58 1.22
5 59 0.34
5 60 0.46
5 61 0.53
5 62 1.06
6 7 0.66
6 8 0.77
6 9 0.44
6 10 0.23
6 11 0.76
6 12 0.28
6 13 0.7
6 14 0.43
6 15 0.53
6 16 0.43
6 17 0.1
6 18 0.43
6 19 0.78
6 20 0.73
6 21 0.4
6 22 0.15
6 23 0.2
6 24 0.76
6 25 0.63
6 26 0.82
6 27 0.91
6 28 0.18
6 29 0.95
6 30 0.81
6 31 0.44
6 32 0.33
6 33 0.69
6 34 0.79
6 35 0.12
6 36 0.65
6 37 0.02
6 38 0.51
6 39 0.16
6 40 0.4
6 41 0.5
6 42 0.42
6 43 0.38
6 44 0.48
6 45 1.04
6 46 0.55
6 47 0.35
6 48 0.55
6 49 0.66
6 50 0.19
6 51 0.14
6 52 0.12
6 53 0.29
6 54 0.87
6 55 0.32
6 56 0.61
6 57 0.26
6 58 0.33
6 59 0.86
6 60 0.55
6 61 0.38
6 62 0.22
7 8 0.66
7 9 0.79
7 10 0.41
7 11 0.33
7 12 0.38
7 13 0.2
7 14 0.88
7 15 0.18
7 16 0.2
7 17 0.68
7 18 1
7 19 0.22
7 20 0.17
7 21 0.66
7 22 0.62
7 23 0.67
7 24 0.78
7 25 0.13
7 26 0.28
7 27 0.8
7 28 0.46
7 29 0.46
7 30 0.45
7 31 0.87
7 32 0.69
7 33 0.36
7 34 0.48
7 35 0.71
7 36 0.63
7 37 0.66
7 38 0.91
7 39 0.65
7 40 0.92
7 41 0.72
7 42 0.68
7 43 0.88
7 44 0.26
7 45 0.72
7 46 0.98
7 47 0.94
7 48 0.58
7 49 0.54
7 50 0.8
7 51 0.82
7 52 0.68
7 53 0.56
7 54 0.4
7 55 0.77
7 56 0.12
7 57 0.87
7 58 0.89
7 59 0.78
7 60 0.3
7 61 0.4
7 62 0.85
8 9 0.43
8 10 0.65
8 11 1.01
8 12 0.72
8 13 0.48
8 14 1.25
8 15 0.73
8 16 0.58
8 17 0.91
8 18 0.77
8 19 0.78
8 20 0.56
8 21 1.1
8 22 0.98
8 23 0.6
8 24 0.13
8 25 0.56
8 26 0.82
8 27 0.14
8 28 0.82
8 29 0.41
8 30 0.3
8 31 0.58
8 32 1.17
8 33 1.02
8 34 0.26
8 35 0.9
8 36 0.14
8 37 0.87
8 38 0.55
8 39 0.67
8 40 1.21
8 41 0.4
8 42 0.39
8 43 0.57
8 44 0.83
8 45 0.22
8 46 0.7
8 47 0.83
8 48 0.21
8 49 0.12
8 50 0.98
8 51 0.94
8 52 0.69
8 53 0.86
8 54 0.47
8 55 1.14
8 56 0.8
8 57 0.92
8 58 1.17
8 59 0.1
8 60 0.37
8 61 0.4
8 62 0.75
9 10 0.46
9 11 1.06
9 12 0.59
9 13 0.63
9 14 0.89
9 15 0.77
9 16 0.55
9 17 0.54
9 18 0.4
9 19 0.92
9 20 0.72
9 21 0.87
9 22 0.62
9 23 0.24
9 24 0.38
9 25 0.64
9 26 0.98
9 27 0.64
9 28 0.59
9 29 0.69
9 30 0.68
9 31 0.17
9 32 0.72
9 33 0.91
9 34 0.56
9 35 0.54
9 36 0.3
9 37 0.46
9 38 0.12
9 39 0.29
9 40 0.83
9 41 0.07
9 42 0.05
9 43 0.15
9 44 0.76
9 45 0.66
9 46 0.27
9 47 0.34
9 48 0.29
9 49 0.4
9 50 0.65
9 51 0.54
9 52 0.33
9 53 0.75
9 54 0.72
9 55 0.84
9 56 0.79
9 57 0.54
9 58 0.71
9 59 0.52
9 60 0.49
9 61 0.32
9 62 0.36
10 11 0.57
10 12 0.13
10 13 0.45
10 14 0.57
10 15 0.33
10 16 0.22
10 17 0.28
10 18 0.59
10 19 0.6
10 20 0.53
10 21 0.52
10 22 0.28
10 23 0.33
10 24 0.75
10 25 0.44
10 26 0.61
10 27 0.76
10 28 0.19
10 29 0.66
10 30 0.61
10 31 0.58
10 32 0.47
10 33 0.48
10 34 0.52
10 35 0.33
10 36 0.49
10 37 0.23
10 38 0.52
10 39 0.26
10 40 0.53
10 41 0.5
10 42 0.43
10 43 0.47
10 44 0.33
10 45 0.8
10 46 0.61
10 47 0.49
10 48 0.46
10 49 0.5
10 50 0.36
10 51 0.38
10 52 0.29
10 53 0.33
10 54 0.61
10 55 0.48
10 56 0.35
10 57 0.5
10 58 0.49
10 59 0.84
10 60 0.32
10 61 0.25
10 62 0.43
11 12 0.49
11 13 0.52
11 14 0.89
11 15 0.31
11 16 0.49
11 17 0.79
11 18 1.24
11 19 0.25
11 20 0.47
11 21 0.69
11 22 0.68
11 23 0.95
11 24 1.14
11 25 0.46
11 26 0.25
11 27 1.2
11 28 0.63
11 29 0.69
11 30 0.88
11 31 1.19
11 32 0.8
11 33 0.16
11 34 0.79
11 35 0.81
11 36 0.88
11 37 0.78
11 38 1.07
11 39 0.86
11 40 0.86
11 41 0.99
11 42 1.03
11 43 1.06
11 44 0.28
11 45 1.05
11 46 1.17
11 47 1.1
11 48 0.97
11 49 0.87
11 50 0.81
11 51 0.83
11 52 0.89
11 53 0.59
11 54 0.72
11 55 0.71
11 56 0.27
11 57 1.06
11 58 0.87
11 59 1.08
11 60 0.58
11 61 0.75
11 62 0.97
12 13 0.44
12 14 0.54
12 15 0.24
12 16 0.23
12 17 0.31
12 18 0.7
12 19 0.55
12 20 0.53
12 21 0.36
12 22 0.26
12 23 0.43
12 24 0.8
12 25 0.44
12 26 0.59
12 27 0.82
12 28 0.13
12 29 0.74
12 30 0.68
12 31 0.69
12 32 0.4
12 33 0.36
12 34 0.62
12 35 0.37
12 36 0.67
12 37 0.31
12 38 0.69
12 39 0.36
12 40 0.54
12 41 0.64
12 42 0.56
12 43 0.6
12 44 0.21
12 45 0.81
12 46 0.75
12 47 0.59
12 48 0.53
12 49 0.63
12 50 0.37
12 51 0.42
12 52 0.39
12 53 0.21
12 54 0.7
12 55 0.37
12 56 0.31
12 57 0.53
12 58 0.44
12 59 0.86
12 60 0.39
12 61 0.36
12 62 0.53
13 14 1.09
13 15 0.34
13 16 0.22
13 17 0.78
13 18 0.98
13 19 0.31
13 20 0.1
13 21 0.86
13 22 0.69
13 23 0.68
13 24 0.59
13 25 0.07
13 26 0.35
13 27 0.55
13 28 0.55
13 29 0.25
13 30 0.31
13 31 0.79
13 32 0.82
13 33 0.56
13 34 0.26
13 35 0.73
13 36 0.42
13 37 0.74
13 38 0.83
13 39 0.67
13 40 0.97
13 41 0.59
13 42 0.57
13 43 0.76
13 44 0.44
13 45 0.52
13 46 1.02
13 47 0.8
13 48 0.44
13 49 0.39
13 50 0.82
13 51 0.79
13 52 0.69
13 53 0.65
13 54 0.22
13 55 0.81
13 56 0.31
13 57 0.92
13 58 0.94
13 59 0.67
13 60 0.16
13 61 0.34
13 62 0.8
14 15 0.76
14 16 0.85
14 17 0.31
14 18 0.74
14 19 1.08
14 20 0.98
14 21 0.28
14 22 0.32
14 23 0.58
14 24 1.29
14 25 1.04
14 26 1.07
14 27 1.32
14 28 0.43
14 29 1.33
14 30 1.26
14 31 0.89
14 32 0.15
14 33 0.72
14 34 1.2
14 35 0.31
14 36 1.13
14 37 0.44
14 38 0.81
14 39 0.54
14 40 0.07
14 41 0.95
14 42 0.86
14 43 0.72
14 44 0.7
14 45 1.33
14 46 0.79
14 47 0.65
14 48 0.91
14 49 1.1
14 50 0.22
14 51 0.29
14 52 0.5
14 53 0.32
14 54 1.33
14 55 0.17
14 56 0.83
14 57 0.34
14 58 0.12
14 59 1.33
14 60 0.97
14 61 0.84
14 62 0.52
15 16 0.23
15 17 0.56
15 18 1.04
15 19 0.3
15 20 0.33
15 21 0.52
15 22 0.46
15 23 0.64
15 24 0.89
15 25 0.31
15 26 0.37
15 27 0.8
15 28 0.36
15 29 0.56
15 30 0.62
15 31 0.85
15 32 0.64
15 33 0.22
15 34 0.53
15 35 0.65
15 36 0.71
15 37 0.52
15 38 0.8
15 39 0.6
15 40 0.7
15 41 0.76
15 42 0.73
15 43 0.78
15 44 0.09
15 45 0.79
15 46 0.97
15 47 0.85
15 48 0.66
15 49 0.68
15 50 0.67
15 51 0.63
15 52 0.66
15 53 0.41
15 54 0.61
15 55 0.6
15 56 0.07
15 57 0.77
15 58 0.6
15 59 0.94
15 60 0.36
15 61 0.42
15 62 0.8
16 17 0.47
16 18 0.75
16 19 0.41
16 20 0.28
16 21 0.64
16 22 0.49
16 23 0.47
16 24 0.67
16 25 0.22
16 26 0.45
16 27 0.67
16 28 0.38
16 29 0.44
16 30 0.48
16 31 0.66
16 32 0.65
16 33 0.41
16 34 0.35
16 35 0.53
16 36 0.47
16 37 0.47
16 38 0.63
16 39 0.48
16 40 0.79
16 41 0.57
16 42 0.53
16 43 0.66
16 44 0.26
16 45 0.6
16 46 0.77
16 47 0.69
16 48 0.42
16 49 0.39
16 50 0.63
16 51 0.59
16 52 0.49
16 53 0.47
16 54 0.42
16 55 0.63
16 56 0.23
16 57 0.75
16 58 0.66
16 59 0.63
16 60 0.18
16 61 0.25
16 62 0.6
17 18 0.49
17 19 0.83
17 20 0.74
17 21 0.33
17 22 0.08
17 23 0.32
17 24 0.94
17 25 0.78
17 26 0.96
17 27 0.96
17 28 0.15
17 29 0.86
17 30 0.9
17 31 0.6
17 32 0.23
17 33 0.67
17 34 0.81
17 35 0.05
17 36 0.77
17 37 0.1
17 38 0.53
17 39 0.27
17 40 0.31
17 41 0.54
17 42 0.51
17 43 0.48
17 44 0.54
17 45 1
17 46 0.61
17 47 0.38
17 48 0.66
17 49 0.71
17 50 0.1
17 51 0.11
17 52 0.2
17 53 0.22
17 54 0.91
17 55 0.21
17 56 0.65
17 57 0.23
17 58 0.2
17 59 0.93
17 60 0.65
17 61 0.48
17 62 0.26
18 19 1.33
18 20 1.01
18 21 0.79
18 22 0.58
18 23 0.31
18 24 0.73
18 25 1.09
18 26 1.37
18 27 1.03
18 28 0.64
18 29 1.12
18 30 0.98
18 31 0.25
18 32 0.6
18 33 1.07
18 34 0.95
18 35 0.49
18 36 0.77
18 37 0.46
18 38 0.28
18 39 0.34
18 40 0.69
18 41 0.46
18 42 0.45
18 43 0.22
18 44 1.02
18 45 1.16
18 46 0.18
18 47 0.14
18 48 0.66
18 49 0.81
18 50 0.55
18 51 0.41
18 52 0.34
18 53 0.75
18 54 1.01
18 55 0.66
18 56 1.11
18 57 0.32
18 58 0.65
18 59 0.84
18 60 0.76
18 61 0.6
18 62 0.26
19 20 0.27
19 21 0.84
19 22 0.72
19 23 0.9
19 24 0.98
19 25 0.28
19 26 0.05
19 27 0.91
19 28 0.71
19 29 0.49
19 30 0.66
19 31 1.15
19 32 0.87
19 33 0.37
19 34 0.56
19 35 0.91
19 36 0.71
19 37 0.81
19 38 1.01
19 39 0.81
19 40 0.99
19 41 0.94
19 42 0.91
19 43 1.03
19 44 0.36
19 45 0.87
19 46 1.31
19 47 1.1
19 48 0.78
19 49 0.75
19 50 0.99
19 51 0.88
19 52 0.86
19 53 0.7
19 54 0.44
19 55 0.84
19 56 0.24
19 57 1.21
19 58 0.97
19 59 0.9
19 60 0.47
19 61 0.66
19 62 1.08
20 21 0.86
20 22 0.76
20 23 0.75
20 24 0.67
20 25 0.06
20 26 0.28
20 27 0.67
20 28 0.65
20 29 0.29
20 30 0.36
20 31 0.89
20 32 0.89
20 33 0.52
20 34 0.31
20 35 0.84
20 36 0.52
20 37 0.75
20 38 0.9
20 39 0.77
20 40 1.04
20 41 0.75
20 42 0.65
20 43 0.88
20 44 0.4
20 45 0.54
20 46 1.08
20 47 0.9
20 48 0.57
20 49 0.48
20 50 0.94
20 51 0.87
20 52 0.78
20 53 0.71
20 54 0.22
20 55 0.91
20 56 0.31
20 57 0.98
20 58 0.85
20 59 0.68
20 60 0.24
20 61 0.41
20 62 0.95
21 22 0.27
21 23 0.58
21 24 1.26
21 25 0.73
21 26 0.84
21 27 1.17
21 28 0.3
21 29 1.07
21 30 1.01
21 31 0.96
21 32 0.18
21 33 0.53
21 34 1.03
21 35 0.33
21 36 1.01
21 37 0.41
21 38 0.9
21 39 0.56
21 40 0.21
21 41 0.94
21 42 0.87
21 43 0.84
21 44 0.5
21 45 1.35
21 46 0.96
21 47 0.65
21 48 1.02
21 49 1.06
21 50 0.31
21 51 0.35
21 52 0.5
21 53 0.17
21 54 1.04
21 55 0.16
21 56 0.61
21 57 0.49
21 58 0.21
21 59 1.15
21 60 0.83
21 61 0.67
21 62 0.53
22 23 0.38
22 24 0.91
22 25 0.72
22 26 0.92
22 27 1.02
22 28 0.11
22 29 0.93
22 30 0.99
22 31 0.64
22 32 0.18
22 33 0.57
22 34 0.8
22 35 0.12
22 36 0.73
22 37 0.16
22 38 0.64
22 39 0.33
22 40 0.28
22 41 0.64
22 42 0.59
22 43 0.54
22 44 0.43
22 45 1.01
22 46 0.64
22 47 0.44
22 48 0.7
22 49 0.74
22 50 0.13
22 51 0.17
22 52 0.29
22 53 0.13
22 54 0.86
22 55 0.17
22 56 0.56
22 57 0.36
22 58 0.21
22 59 0.97
22 60 0.67
22 61 0.48
22 62 0.38
23 24 0.66
23 25 0.72
23 26 0.93
23 27 0.74
23 28 0.34
23 29 0.8
23 30 0.75
23 31 0.26
23 32 0.53
23 33 0.89
23 34 0.63
23 35 0.27
23 36 0.5
23 37 0.2
23 38 0.25
23 39 0.05
23 40 0.58
23 41 0.32
23 42 0.26
23 43 0.21
23 44 0.64
23 45 0.85
23 46 0.33
23 47 0.17
23 48 0.44
23 49 0.57
23 50 0.36
23 51 0.31
23 52 0.11
23 53 0.47
23 54 0.8
23 55 0.51
23 56 0.63
23 57 0.33
23 58 0.49
23 59 0.76
23 60 0.5
23 61 0.34
23 62 0.15
24 25 0.73
24 26 1.01
24 27 0.22
24 28 0.85
24 29 0.54
24 30 0.45
24 31 0.53
24 32 1.05
24 33 1.03
24 34 0.35
24 35 0.92
24 36 0.17
24 37 0.81
24 38 0.5
24 39 0.67
24 40 1.09
24 41 0.31
24 42 0.4
24 43 0.6
24 44 0.86
24 45 0.35
24 46 0.68
24 47 0.69
24 48 0.22
24 49 0.21
24 50 0.99
24 51 0.88
24 52 0.7
24 53 1
24 54 0.56
24 55 1.01
24 56 0.82
24 57 0.92
24 58 1.07
24 59 0.12
24 60 0.5
24 61 0.43
24 62 0.75
25 26 0.35
25 27 0.6
25 28 0.54
25 29 0.32
25 30 0.36
25 31 0.86
25 32 0.88
25 33 0.46
25 34 0.33
25 35 0.75
25 36 0.51
25 37 0.69
25 38 0.88
25 39 0.61
25 40 1
25 41 0.71
25 42 0.66
25 43 0.75
25 44 0.38
25 45 0.51
25 46 0.98
25 47 0.88
25 48 0.54
25 49 0.44
25 50 0.85
25 51 0.78
25 52 0.75
25 53 0.65
25 54 0.27
25 55 0.8
25 56 0.23
25 57 1.02
25 58 0.89
25 59 0.65
25 60 0.2
25 61 0.35
25 62 0.88
26 27 0.82
26 28 0.72
26 29 0.51
26 30 0.57
26 31 1.12
26 32 1.03
26 33 0.38
26 34 0.62
26 35 0.99
26 36 0.9
26 37 0.92
26 38 1.11
26 39 0.91
26 40 0.97
26 41 0.93
26 42 0.92
26 43 1.14
26 44 0.38
26 45 0.85
26 46 1.19
26 47 1.08
26 48 0.83
26 49 0.72
26 50 0.99
26 51 1.08
26 52 0.97
26 53 0.81
26 54 0.48
26 55 0.95
26 56 0.28
26 57 1.23
26 58 0.96
26 59 0.96
26 60 0.55
26 61 0.68
26 62 1.07
27 28 0.99
27 29 0.37
27 30 0.31
27 31 0.69
27 32 1.31
27 33 1.05
27 34 0.28
27 35 0.98
27 36 0.27
27 37 0.97
27 38 0.7
27 39 0.72
27 40 1.22
27 41 0.49
27 42 0.55
27 43 0.73
27 44 0.91
27 45 0.13
27 46 0.89
27 47 0.84
27 48 0.32
27 49 0.24
27 50 1.07
27 51 1.05
27 52 0.92
27 53 1.08
27 54 0.43
27 55 1.19
27 56 0.81
27 57 1.2
27 58 1.09
27 59 0.1
27 60 0.49
27 61 0.51
27 62 0.85
28 29 0.82
28 30 0.84
28 31 0.63
28 32 0.29
28 33 0.5
28 34 0.73
28 35 0.21
28 36 0.69
28 37 0.19
28 38 0.67
28 39 0.32
28 40 0.38
28 41 0.6
28 42 0.54
28 43 0.54
28 44 0.33
28 45 0.94
28 46 0.72
28 47 0.54
28 48 0.6
28 49 0.71
28 50 0.24
28 51 0.27
28 52 0.32
28 53 0.14
28 54 0.79
28 55 0.29
28 56 0.41
28 57 0.43
28 58 0.29
28 59 0.98
28 60 0.49
28 61 0.42
28 62 0.41
29 30 0.1
29 31 0.97
29 32 1.16
29 33 0.78
29 34 0.16
29 35 0.9
29 36 0.47
29 37 0.9
29 38 0.78
29 39 0.75
29 40 1.18
29 41 0.68
29 42 0.72
29 43 0.88
29 44 0.67
29 45 0.28
29 46 1.08
29 47 1.01
29 48 0.48
29 49 0.37
29 50 1.11
29 51 0.9
29 52 0.87
29 53 0.97
29 54 0.05
29 55 1.05
29 56 0.52
29 57 1.08
29 58 1.11
29 59 0.48
29 60 0.32
29 61 0.49
29 62 0.91
30 31 0.83
30 32 1.11
30 33 0.8
30 34 0.12
30 35 0.98
30 36 0.35
30 37 0.96
30 38 0.73
30 39 0.77
30 40 1.22
30 41 0.59
30 42 0.62
30 43 0.78
30 44 0.72
30 45 0.21
30 46 0.93
30 47 0.98
30 48 0.39
30 49 0.27
30 50 1.09
30 51 0.95
30 52 0.84
30 53 0.9
30 54 0.14
30 55 1.04
30 56 0.58
30 57 1.13
30 58 1.14
30 59 0.4
30 60 0.3
30 61 0.44
30 62 0.87
31 32 0.69
31 33 0.95
31 34 0.8
31 35 0.48
31 36 0.47
31 37 0.45
31 38 0.05
31 39 0.3
31 40 0.83
31 41 0.24
31 42 0.21
31 43 0.05
31 44 0.87
31 45 0.83
31 46 0.11
31 47 0.21
31 48 0.45
31 49 0.52
31 50 0.67
31 51 0.56
31 52 0.34
31 53 0.77
31 54 0.91
31 55 0.75
31 56 0.87
31 57 0.54
31 58 0.73
31 59 0.64
31 60 0.63
31 61 0.45
31 62 0.31
32 33 0.63
32 34 0.98
32 35 0.22
32 36 0.98
32 37 0.31
32 38 0.73
32 39 0.45
32 40 0.1
32 41 0.76
32 42 0.69
32 43 0.66
32 44 0.5
32 45 1.2
32 46 0.75
32 47 0.57
32 48 0.9
32 49 0.87
32 50 0.13
32 51 0.23
32 52 0.4
32 53 0.19
32 54 0.98
32 55 0.03
32 56 0.69
32 57 0.33
32 58 0.02
32 59 1.25
32 60 0.75
32 61 0.73
32 62 0.48
33 34 0.76
33 35 0.7
33 36 0.81
33 37 0.68
33 38 1.05
33 39 0.69
33 40 0.77
33 41 0.94
33 42 0.88
33 43 1.03
33 44 0.17
33 45 1.04
33 46 1.09
33 47 0.98
33 48 0.91
33 49 0.88
33 50 0.64
33 51 0.76
33 52 0.71
33 53 0.43
33 54 0.72
33 55 0.63
33 56 0.25
33 57 0.83
33 58 0.66
33 59 1.17
33 60 0.61
33 61 0.73
33 62 0.83
34 35 0.85
34 36 0.25
34 37 0.75
34 38 0.69
34 39 0.61
34 40 1.18
34 41 0.51
34 42 0.5
34 43 0.7
34 44 0.62
34 45 0.25
34 46 0.88
34 47 0.86
34 48 0.27
34 49 0.19
34 50 0.92
34 51 0.84
34 52 0.75
34 53 0.86
34 54 0.19
34 55 1.06
34 56 0.55
34 57 0.97
34 58 1.11
34 59 0.36
34 60 0.2
34 61 0.34
34 62 0.83
35 36 0.76
35 37 0.1
35 38 0.59
35 39 0.26
35 40 0.3
35 41 0.55
35 42 0.55
35 43 0.47
35 44 0.54
35 45 1.14
35 46 0.55
35 47 0.34
35 48 0.71
35 49 0.81
35 50 0.09
35 51 0.05
35 52 0.2
35 53 0.26
35 54 0.92
35 55 0.23
35 56 0.69
35 57 0.2
35 58 0.2
35 59 1.12
35 60 0.63
35 61 0.48
35 62 0.24
36 37 0.64
36 38 0.45
36 39 0.51
36 40 0.95
36 41 0.26
36 42 0.28
36 43 0.47
36 44 0.71
36 45 0.39
36 46 0.55
36 47 0.62
36 48 0.06
36 49 0.08
36 50 0.81
36 51 0.82
36 52 0.54
36 53 0.83
36 54 0.45
36 55 0.91
36 56 0.69
36 57 0.81
36 58 0.93
36 59 0.26
36 60 0.31
36 61 0.27
36 62 0.62
37 38 0.52
37 39 0.16
37 40 0.41
37 41 0.52
37 42 0.43
37 43 0.4
37 44 0.56
37 45 0.95
37 46 0.55
37 47 0.31
37 48 0.63
37 49 0.67
37 50 0.18
37 51 0.13
37 52 0.12
37 53 0.31
37 54 0.85
37 55 0.32
37 56 0.6
37 57 0.25
37 58 0.29
37 59 0.87
37 60 0.56
37 61 0.44
37 62 0.18
38 39 0.31
38 40 0.79
38 41 0.18
38 42 0.19
38 43 0.09
38 44 0.87
38 45 0.83
38 46 0.16
38 47 0.27
38 48 0.39
38 49 0.46
38 50 0.64
38 51 0.59
38 52 0.35
38 53 0.79
38 54 0.91
38 55 0.76
38 56 0.9
38 57 0.55
38 58 0.81
38 59 0.58
38 60 0.67
38 61 0.42
38 62 0.36
39 40 0.58
39 41 0.36
39 42 0.31
39 43 0.28
39 44 0.6
39 45 0.95
39 46 0.39
39 47 0.22
39 48 0.43
39 49 0.57
39 50 0.34
39 51 0.27
39 52 0.08
39 53 0.45
39 54 0.91
39 55 0.45
39 56 0.64
39 57 0.34
39 58 0.45
39 59 0.77
39 60 0.52
39 61 0.31
39 62 0.16
40 41 0.99
40 42 0.81
40 43 0.77
40 44 0.62
40 45 1.3
40 46 0.86
40 47 0.59
40 48 0.92
40 49 1.07
40 50 0.22
40 51 0.31
40 52 0.53
40 53 0.28
40 54 1.07
40 55 0.1
40 56 0.8
40 57 0.41
40 58 0.09
40 59 1.25
40 60 0.95
40 61 0.79
40 62 0.5
41 42 0.05
41 43 0.23
41 44 0.76
41 45 0.59
41 46 0.32
41 47 0.38
41 48 0.22
41 49 0.33
41 50 0.61
41 51 0.55
41 52 0.4
41 53 0.73
41 54 0.66
41 55 0.86
41 56 0.71
41 57 0.65
41 58 0.78
41 59 0.45
41 60 0.43
41 61 0.32
41 62 0.43
42 43 0.2
42 44 0.74
42 45 0.69
42 46 0.33
42 47 0.35
42 48 0.24
42 49 0.36
42 50 0.6
42 51 0.57
42 52 0.34
42 53 0.7
42 54 0.76
42 55 0.72
42 56 0.77
42 57 0.62
42 58 0.73
42 59 0.46
42 60 0.45
42 61 0.27
42 62 0.42
43 44 0.91
43 45 0.87
43 46 0.13
43 47 0.18
43 48 0.43
43 49 0.51
43 50 0.56
43 51 0.44
43 52 0.31
43 53 0.65
43 54 0.91
43 55 0.69
43 56 0.86
43 57 0.42
43 58 0.68
43 59 0.69
43 60 0.65
43 61 0.47
43 62 0.28
44 45 0.92
44 46 0.96
44 47 0.84
44 48 0.72
44 49 0.71
44 50 0.55
44 51 0.57
44 52 0.62
44 53 0.34
44 54 0.64
44 55 0.6
44 56 0.16
44 57 0.72
44 58 0.61
44 59 0.93
44 60 0.42
44 61 0.5
44 62 0.7
45 46 0.94
45 47 1
45 48 0.41
45 49 0.3
45 50 1.16
45 51 1.13
45 52 0.95
45 53 1.06
45 54 0.37
45 55 1.26
45 56 0.8
45 57 1.12
45 58 1.19
45 59 0.25
45 60 0.49
45 61 0.56
45 62 1.09
46 47 0.21
46 48 0.57
46 49 0.64
46 50 0.67
46 51 0.54
46 52 0.39
46 53 0.78
46 54 1.07
46 55 0.76
46 56 1.02
46 57 0.47
46 58 0.71
46 59 0.69
46 60 0.7
46 61 0.58
46 62 0.31
47 48 0.57
47 49 0.67
47 50 0.39
47 51 0.32
47 52 0.2
47 53 0.65
47 54 0.95
47 55 0.58
47 56 0.87
47 57 0.28
47 58 0.54
47 59 0.78
47 60 0.65
47 61 0.5
47 62 0.12
48 49 0.1
48 50 0.74
48 51 0.71
48 52 0.58
48 53 0.8
48 54 0.49
48 55 0.97
48 56 0.7
48 57 0.85
48 58 0.83
48 59 0.28
48 60 0.31
48 61 0.24
48 62 0.63
49 50 0.85
49 51 0.85
49 52 0.59
49 53 0.84
49 54 0.38
49 55 0.96
49 56 0.61
49 57 0.89
49 58 0.98
49 59 0.22
49 60 0.26
49 61 0.26
49 62 0.68
50 51 0.09
50 52 0.27
50 53 0.24
50 54 0.98
50 55 0.15
50 56 0.66
50 57 0.22
50 58 0.14
50 59 0.99
50 60 0.73
50 61 0.57
50 62 0.32
51 52 0.19
51 53 0.31
51 54 0.96
51 55 0.23
51 56 0.75
51 57 0.14
51 58 0.25
51 59 0.97
51 60 0.69
51 61 0.53
51 62 0.2
52 53 0.41
52 54 0.9
52 55 0.45
52 56 0.76
52 57 0.23
52 58 0.42
52 59 0.85
52 60 0.54
52 61 0.43
52 62 0.09
53 54 0.91
53 55 0.18
53 56 0.52
53 57 0.48
53 58 0.22
53 59 1.07
53 60 0.6
53 61 0.53
53 62 0.5
54 55 1.18
54 56 0.49
54 57 1.06
54 58 1.02
54 59 0.52
54 60 0.29
54 61 0.54
54 62 0.92
55 56 0.61
55 57 0.35
55 58 0.05
55 59 1.3
55 60 0.79
55 61 0.69
55 62 0.44
56 57 0.86
56 58 0.72
56 59 0.84
56 60 0.39
56 61 0.49
56 62 0.76
57 58 0.31
57 59 1.14
57 60 0.89
57 61 0.66
57 62 0.21
58 59 1.1
58 60 0.82
58 61 0.67
58 62 0.4
59 60 0.55
59 61 0.51
59 62 0.9
60 61 0.2
60 62 0.64
61 62 0.53