0 1 0.42
0 2 0.59
0 3 0.43
0 4 0.37
0 5 0.66
0 6 0.51
0 7 0.17
0 8 0.62
0 9 0.11
0 10 0.51
0 11 0.36
0 12 0.28
0 13 0.16
0 14 0.1
0 15 0.41
0 16 0.43
0 17 0.27
0 18 0.55
0 19 0.18
0 20 0.53
0 21 0.76
0 22 0.33
0 23 0.15
0 24 0.32
0 25 0.44
0 26 0.42
0 27 0.56
0 28 0.27
0 29 0.64
0 30 0.47
0 31 0.44
0 32 0.5
0 33 0.32
0 34 0.34
0 35 0.44
0 36 0.71
0 37 0.59
0 38 0.49
0 39 0.12
0 40 0.45
0 41 0.57
0 42 0.39
0 43 0.37
0 44 0.32
0 45 0.66
0 46 0.85
0 47 0.43
0 48 0.44
0 49 0.54
0 50 0.17
0 51 0.11
0 52 0.45
0 53 0.6
0 54 0.82
0 55 0.13
0 56 0.56
0 57 0.35
0 58 0.32
0 59 0.56
0 60 0.34
1 2 0.94
1 3 0.75
1 4 0.7
1 5 0.92
1 6 0.79
1 7 0.6
1 8 0.78
1 9 0.31
1 10 0.91
1 11 0.15
1 12 0.6
1 13 0.45
1 14 0.49
1 15 0.79
1 16 0.17
1 17 0.36
1 18 0.32
1 19 0.55
1 20 0.76
1 21 0.75
1 22 0.66
1 23 0.59
1 24 0.69
1 25 0.58
1 26 0.77
1 27 0.6
1 28 0.21
1 29 0.68
1 30 0.94
1 31 0.27
1 32 1
1 33 0.69
1 34 0.18
1 35 0.28
1 36 0.79
1 37 1
1 38 0.92
1 39 0.32
1 40 0.68
1 41 0.72
1 42 0.85
1 43 0.78
1 44 0.15
1 45 1
1 46 1.03
1 47 0.41
1 48 0.24
1 49 0.75
1 50 0.5
1 51 0.33
1 52 0.36
1 53 0.76
1 54 1.02
1 55 0.57
1 56 0.53
1 57 0.42
1 58 0.45
1 59 0.97
1 60 0.19
2 3 0.29
2 4 0.83
2 5 0.1
2 6 0.18
2 7 0.46
2 8 0.1
2 9 0.59
2 10 0.21
2 11 0.96
2 12 0.9
2 13 0.72
2 14 0.6
2 15 0.35
2 16 0.81
2 17 0.82
2 18 0.71
2 19 0.43
2 20 0.22
2 21 0.5
2 22 0.9
2 23 0.52
2 24 0.34
2 25 0.27
2 26 0.8
2 27 0.46
2 28 0.92
2 29 0.37
2 30 0.38
2 31 1.01
2 32 0.76
2 33 0.54
2 34 0.71
2 35 0.66
2 36 0.41
2 37 0.3
2 38 0.26
2 39 0.7
2 40 0.24
2 41 0.15
2 42 0.55
2 43 0.79
2 44 0.83
2 45 0.27
2 46 0.2
2 47 0.51
2 48 0.69
2 49 0.15
2 50 0.74
2 51 0.64
2 52 1.06
2 53 0.1
2 54 0.2
2 55 0.68
2 56 0.51
2 57 1.04
2 58 0.43
2 59 0.19
2 60 0.98
3 4 0.56
3 5 0.4
3 6 0.34
3 7 0.26
3 8 0.3
3 9 0.48
3 10 0.07
3 11 0.77
3 12 0.61
3 13 0.58
3 14 0.37
3 15 0.05
3 16 0.76
3 17 0.74
3 18 0.79
3 19 0.25
3 20 0.42
3 21 0.74
3 22 0.58
3 23 0.27
3 24 0.12
3 25 0.35
3 26 0.5
3 27 0.55
3 28 0.78
3 29 0.62
3 30 0.12
3 31 0.9
3 32 0.47
3 33 0.25
3 34 0.69
3 35 0.67
3 36 0.6
3 37 0.2
3 38 0.05
3 39 0.56
3 40 0.26
3 41 0.32
3 42 0.28
3 43 0.44
3 44 0.78
3 45 0.27
3 46 0.51
3 47 0.56
3 48 0.68
3 49 0.13
3 50 0.51
3 51 0.51
3 52 0.87
3 53 0.31
3 54 0.49
3 55 0.4
3 56 0.6
3 57 0.78
3 58 0.43
3 59 0.13
3 60 0.76
4 5 0.91
4 6 0.78
4 7 0.34
4 8 0.85
4 9 0.49
4 10 0.65
4 11 0.66
4 12 0.17
4 13 0.31
4 14 0.34
4 15 0.53
4 16 0.8
4 17 0.39
4 18 0.83
4 19 0.46
4 20 0.82
4 21 1.11
4 22 0.12
4 23 0.37
4 24 0.54
4 25 0.76
4 26 0.05
4 27 0.95
4 28 0.53
4 29 1
4 30 0.5
4 31 0.6
4 32 0.26
4 33 0.33
4 34 0.73
4 35 0.76
4 36 1.07
4 37 0.78
4 38 0.61
4 39 0.45
4 40 0.68
4 41 0.89
4 42 0.3
4 43 0.08
4 44 0.58
4 45 0.77
4 46 1.02
4 47 0.79
4 48 0.77
4 49 0.67
4 50 0.24
4 51 0.53
4 52 0.56
4 53 0.85
4 54 1.01
4 55 0.25
4 56 0.97
4 57 0.47
4 58 0.69
4 59 0.7
4 60 0.61
5 6 0.18
5 7 0.64
5 8 0.13
5 9 0.72
5 10 0.32
5 11 0.96
5 12 0.93
5 13 0.81
5 14 0.63
5 15 0.41
5 16 0.79
5 17 0.91
5 18 0.69
5 19 0.54
5 20 0.21
5 21 0.5
5 22 0.93
5 23 0.58
5 24 0.42
5 25 0.32
5 26 0.86
5 27 0.41
5 28 0.96
5 29 0.33
5 30 0.51
5 31 1.03
5 32 0.86
5 33 0.6
5 34 0.81
5 35 0.71
5 36 0.34
5 37 0.38
5 38 0.35
5 39 0.8
5 40 0.28
5 41 0.16
5 42 0.61
5 43 0.89
5 44 0.85
5 45 0.31
5 46 0.13
5 47 0.6
5 48 0.76
5 49 0.23
5 50 0.89
5 51 0.63
5 52 1.1
5 53 0.12
5 54 0.11
5 55 0.64
5 56 0.48
5 57 1.09
5 58 0.42
5 59 0.29
5 60 0.97
6 7 0.46
6 8 0.07
6 9 0.54
6 10 0.29
6 11 0.82
6 12 0.74
6 13 0.79
6 14 0.49
6 15 0.4
6 16 0.65
6 17 0.76
6 18 0.52
6 19 0.42
6 20 0.03
6 21 0.4
6 22 0.9
6 23 0.43
6 24 0.31
6 25 0.13
6 26 0.88
6 27 0.3
6 28 0.73
6 29 0.24
6 30 0.47
6 31 0.85
6 32 0.73
6 33 0.52
6 34 0.56
6 35 0.52
6 36 0.27
6 37 0.44
6 38 0.35
6 39 0.61
6 40 0.14
6 41 0.02
6 42 0.6
6 43 0.71
6 44 0.66
6 45 0.41
6 46 0.33
6 47 0.38
6 48 0.55
6 49 0.24
6 50 0.69
6 51 0.47
6 52 1.07
6 53 0.07
6 54 0.27
6 55 0.58
6 56 0.36
6 57 0.86
6 58 0.26
6 59 0.3
6 60 0.81
7 8 0.45
7 9 0.25
7 10 0.32
7 11 0.55
7 12 0.37
7 13 0.29
7 14 0.07
7 15 0.26
7 16 0.57
7 17 0.41
7 18 0.56
7 19 0.08
7 20 0.44
7 21 0.7
7 22 0.37
7 23 0
7 24 0.19
7 25 0.36
7 26 0.43
7 27 0.59
7 28 0.49
7 29 0.64
7 30 0.33
7 31 0.57
7 32 0.37
7 33 0.2
7 34 0.51
7 35 0.5
7 36 0.68
7 37 0.48
7 38 0.35
7 39 0.27
7 40 0.34
7 41 0.49
7 42 0.28
7 43 0.31
7 44 0.48
7 45 0.54
7 46 0.69
7 47 0.46
7 48 0.56
7 49 0.37
7 50 0.27
7 51 0.23
7 52 0.62
7 53 0.47
7 54 0.73
7 55 0.13
7 56 0.57
7 57 0.53
7 58 0.34
7 59 0.4
7 60 0.45
8 9 0.53
8 10 0.24
8 11 0.88
8 12 0.8
8 13 0.74
8 14 0.52
8 15 0.37
8 16 0.68
8 17 0.84
8 18 0.61
8 19 0.43
8 20 0.11
8 21 0.44
8 22 0.84
8 23 0.49
8 24 0.28
8 25 0.18
8 26 0.83
8 27 0.34
8 28 0.82
8 29 0.27
8 30 0.43
8 31 0.88
8 32 0.74
8 33 0.53
8 34 0.71
8 35 0.6
8 36 0.3
8 37 0.39
8 38 0.3
8 39 0.65
8 40 0.16
8 41 0.05
8 42 0.59
8 43 0.7
8 44 0.76
8 45 0.37
8 46 0.26
8 47 0.48
8 48 0.6
8 49 0.19
8 50 0.69
8 51 0.53
8 52 1
8 53 0
8 54 0.22
8 55 0.57
8 56 0.44
8 57 0.92
8 58 0.32
8 59 0.27
8 60 0.86
9 10 0.51
9 11 0.29
9 12 0.36
9 13 0.25
9 14 0.21
9 15 0.48
9 16 0.34
9 17 0.27
9 18 0.38
9 19 0.25
9 20 0.51
9 21 0.66
9 22 0.43
9 23 0.25
9 24 0.39
9 25 0.42
9 26 0.49
9 27 0.53
9 28 0.22
9 29 0.61
9 30 0.59
9 31 0.36
9 32 0.6
9 33 0.42
9 34 0.24
9 35 0.33
9 36 0.7
9 37 0.7
9 38 0.55
9 39 0.08
9 40 0.42
9 41 0.58
9 42 0.5
9 43 0.48
9 44 0.22
9 45 0.73
9 46 0.84
9 47 0.32
9 48 0.32
9 49 0.51
9 50 0.25
9 51 0.03
9 52 0.48
9 53 0.6
9 54 0.78
9 55 0.27
9 56 0.51
9 57 0.33
9 58 0.29
9 59 0.57
9 60 0.28
10 11 0.78
10 12 0.72
10 13 0.63
10 14 0.4
10 15 0.12
10 16 0.83
10 17 0.76
10 18 0.71
10 19 0.3
10 20 0.33
10 21 0.61
10 22 0.62
10 23 0.31
10 24 0.13
10 25 0.32
10 26 0.63
10 27 0.55
10 28 0.8
10 29 0.53
10 30 0.17
10 31 0.91
10 32 0.52
10 33 0.33
10 34 0.67
10 35 0.65
10 36 0.57
10 37 0.19
10 38 0.05
10 39 0.59
10 40 0.22
10 41 0.27
10 42 0.32
10 43 0.54
10 44 0.8
10 45 0.23
10 46 0.44
10 47 0.52
10 48 0.77
10 49 0.07
10 50 0.55
10 51 0.48
10 52 0.9
10 53 0.25
10 54 0.41
10 55 0.43
10 56 0.63
10 57 0.87
10 58 0.39
10 59 0.1
10 60 0.8
11 12 0.42
11 13 0.32
11 14 0.46
11 15 0.75
11 16 0.31
11 17 0.25
11 18 0.43
11 19 0.51
11 20 0.81
11 21 0.8
11 22 0.57
11 23 0.49
11 24 0.74
11 25 0.7
11 26 0.65
11 27 0.69
11 28 0.09
11 29 0.83
11 30 0.86
11 31 0.1
11 32 0.76
11 33 0.64
11 34 0.28
11 35 0.39
11 36 0.91
11 37 1.03
11 38 0.85
11 39 0.27
11 40 0.74
11 41 0.8
11 42 0.82
11 43 0.67
11 44 0.07
11 45 1.13
11 46 1.05
11 47 0.48
11 48 0.34
11 49 0.77
11 50 0.37
11 51 0.32
11 52 0.22
11 53 0.8
11 54 1.12
11 55 0.49
11 56 0.65
11 57 0.23
11 58 0.56
11 59 0.94
11 60 0.03
12 13 0.14
12 14 0.3
12 15 0.58
12 16 0.68
12 17 0.22
12 18 0.77
12 19 0.46
12 20 0.79
12 21 1.02
12 22 0.06
12 23 0.38
12 24 0.52
12 25 0.74
12 26 0.21
12 27 0.88
12 28 0.38
12 29 0.93
12 30 0.6
12 31 0.46
12 32 0.43
12 33 0.38
12 34 0.62
12 35 0.71
12 36 1.02
12 37 0.78
12 38 0.7
12 39 0.29
12 40 0.64
12 41 0.84
12 42 0.44
12 43 0.22
12 44 0.43
12 45 0.87
12 46 1.02
12 47 0.66
12 48 0.74
12 49 0.69
12 50 0.11
12 51 0.37
12 52 0.36
12 53 0.87
12 54 1.1
12 55 0.24
12 56 0.83
12 57 0.29
12 58 0.65
12 59 0.83
12 60 0.46
13 14 0.24
13 15 0.52
13 16 0.57
13 17 0.15
13 18 0.6
13 19 0.33
13 20 0.64
13 21 0.87
13 22 0.18
13 23 0.28
13 24 0.47
13 25 0.66
13 26 0.33
13 27 0.82
13 28 0.27
13 29 0.85
13 30 0.6
13 31 0.31
13 32 0.5
13 33 0.38
13 34 0.43
13 35 0.59
13 36 0.98
13 37 0.78
13 38 0.66
13 39 0.16
13 40 0.58
13 41 0.73
13 42 0.43
13 43 0.3
13 44 0.31
13 45 0.85
13 46 0.99
13 47 0.56
13 48 0.52
13 49 0.64
13 50 0.05
13 51 0.25
13 52 0.32
13 53 0.72
13 54 0.91
13 55 0.17
13 56 0.7
13 57 0.22
13 58 0.56
13 59 0.68
13 60 0.32
14 15 0.32
14 16 0.52
14 17 0.33
14 18 0.57
14 19 0.13
14 20 0.51
14 21 0.74
14 22 0.35
14 23 0.07
14 24 0.26
14 25 0.42
14 26 0.37
14 27 0.57
14 28 0.4
14 29 0.63
14 30 0.38
14 31 0.48
14 32 0.39
14 33 0.23
14 34 0.45
14 35 0.51
14 36 0.72
14 37 0.53
14 38 0.41
14 39 0.22
14 40 0.37
14 41 0.54
14 42 0.3
14 43 0.3
14 44 0.42
14 45 0.63
14 46 0.74
14 47 0.41
14 48 0.53
14 49 0.41
14 50 0.21
14 51 0.21
14 52 0.56
14 53 0.54
14 54 0.72
14 55 0.09
14 56 0.58
14 57 0.41
14 58 0.35
14 59 0.48
14 60 0.43
15 16 0.79
15 17 0.71
15 18 0.71
15 19 0.22
15 20 0.41
15 21 0.71
15 22 0.56
15 23 0.26
15 24 0.13
15 25 0.41
15 26 0.51
15 27 0.65
15 28 0.65
15 29 0.62
15 30 0.1
15 31 0.87
15 32 0.36
15 33 0.19
15 34 0.71
15 35 0.66
15 36 0.68
15 37 0.23
15 38 0.1
15 39 0.52
15 40 0.33
15 41 0.38
15 42 0.21
15 43 0.45
15 44 0.72
15 45 0.32
15 46 0.5
15 47 0.62
15 48 0.73
15 49 0.19
15 50 0.52
15 51 0.45
15 52 0.85
15 53 0.36
15 54 0.54
15 55 0.32
15 56 0.62
15 57 0.72
15 58 0.43
15 59 0.18
15 60 0.81
16 17 0.52
16 18 0.15
16 19 0.59
16 20 0.59
16 21 0.54
16 22 0.71
16 23 0.56
16 24 0.65
16 25 0.53
16 26 0.83
16 27 0.43
16 28 0.35
16 29 0.62
16 30 0.88
16 31 0.43
16 32 0.91
16 33 0.71
16 34 0.11
16 35 0.14
16 36 0.61
16 37 0.99
16 38 0.77
16 39 0.34
16 40 0.61
16 41 0.65
16 42 0.83
16 43 0.82
16 44 0.27
16 45 0.91
16 46 0.9
16 47 0.26
16 48 0.08
16 49 0.7
16 50 0.63
16 51 0.32
16 52 0.55
16 53 0.68
16 54 0.97
16 55 0.61
16 56 0.35
16 57 0.54
16 58 0.38
16 59 0.88
16 60 0.33
17 18 0.56
17 19 0.45
17 20 0.83
17 21 0.99
17 22 0.29
17 23 0.42
17 24 0.6
17 25 0.65
17 26 0.45
17 27 0.72
17 28 0.15
17 29 0.97
17 30 0.78
17 31 0.19
17 32 0.62
17 33 0.58
17 34 0.41
17 35 0.54
17 36 0.95
17 37 0.98
17 38 0.73
17 39 0.17
17 40 0.7
17 41 0.83
17 42 0.56
17 43 0.43
17 44 0.23
17 45 1
17 46 1.07
17 47 0.6
17 48 0.49
17 49 0.77
17 50 0.17
17 51 0.27
17 52 0.18
17 53 0.85
17 54 1.08
17 55 0.32
17 56 0.78
17 57 0.11
17 58 0.57
17 59 0.81
17 60 0.19
18 19 0.59
18 20 0.55
18 21 0.43
18 22 0.84
18 23 0.56
18 24 0.57
18 25 0.45
18 26 0.93
18 27 0.35
18 28 0.5
18 29 0.47
18 30 0.91
18 31 0.54
18 32 1.02
18 33 0.75
18 34 0.21
18 35 0.09
18 36 0.56
18 37 0.85
18 38 0.79
18 39 0.46
18 40 0.48
18 41 0.62
18 42 0.86
18 43 0.88
18 44 0.39
18 45 0.86
18 46 0.8
18 47 0.16
18 48 0.09
18 49 0.75
18 50 0.68
18 51 0.4
18 52 0.66
18 53 0.6
18 54 0.79
18 55 0.62
18 56 0.23
18 57 0.67
18 58 0.33
18 59 0.75
18 60 0.45
19 20 0.42
19 21 0.6
19 22 0.43
19 23 0.08
19 24 0.14
19 25 0.3
19 26 0.48
19 27 0.48
19 28 0.45
19 29 0.53
19 30 0.34
19 31 0.58
19 32 0.46
19 33 0.25
19 34 0.42
19 35 0.5
19 36 0.61
19 37 0.44
19 38 0.33
19 39 0.32
19 40 0.27
19 41 0.42
19 42 0.3
19 43 0.38
19 44 0.53
19 45 0.54
19 46 0.61
19 47 0.39
19 48 0.53
19 49 0.31
19 50 0.33
19 51 0.24
19 52 0.64
19 53 0.38
19 54 0.62
19 55 0.19
19 56 0.52
19 57 0.53
19 58 0.27
19 59 0.39
19 60 0.51
20 21 0.36
20 22 0.89
20 23 0.49
20 24 0.33
20 25 0.12
20 26 0.81
20 27 0.23
20 28 0.79
20 29 0.19
20 30 0.47
20 31 0.89
20 32 0.75
20 33 0.58
20 34 0.55
20 35 0.46
20 36 0.23
20 37 0.46
20 38 0.4
20 39 0.65
20 40 0.14
20 41 0.05
20 42 0.63
20 43 0.76
20 44 0.74
20 45 0.44
20 46 0.36
20 47 0.37
20 48 0.57
20 49 0.25
20 50 0.73
20 51 0.48
20 52 0.99
20 53 0.11
20 54 0.32
20 55 0.59
20 56 0.35
20 57 0.96
20 58 0.24
20 59 0.36
20 60 0.81
21 22 1.12
21 23 0.71
21 24 0.64
21 25 0.38
21 26 1.1
21 27 0.13
21 28 0.83
21 29 0.15
21 30 0.83
21 31 0.88
21 32 1.1
21 33 0.92
21 34 0.55
21 35 0.43
21 36 0.15
21 37 0.77
21 38 0.66
21 39 0.74
21 40 0.44
21 41 0.41
21 42 0.99
21 43 1.07
21 44 0.76
21 45 0.8
21 46 0.61
21 47 0.33
21 48 0.48
21 49 0.62
21 50 0.89
21 51 0.64
21 52 1.01
21 53 0.43
21 54 0.58
21 55 0.86
21 56 0.19
21 57 0.98
21 58 0.36
21 59 0.68
21 60 0.87
22 23 0.38
22 24 0.52
22 25 0.77
22 26 0.16
22 27 0.87
22 28 0.42
22 29 0.99
22 30 0.62
22 31 0.47
22 32 0.38
22 33 0.36
22 34 0.61
22 35 0.8
22 36 1.13
22 37 0.85
22 38 0.66
22 39 0.33
22 40 0.74
22 41 0.84
22 42 0.41
22 43 0.19
22 44 0.5
22 45 0.77
22 46 1.06
22 47 0.72
22 48 0.75
22 49 0.75
22 50 0.15
22 51 0.45
22 52 0.45
22 53 0.87
22 54 1.06
22 55 0.23
22 56 0.85
22 57 0.33
22 58 0.7
22 59 0.75
22 60 0.55
23 24 0.2
23 25 0.36
23 26 0.37
23 27 0.64
23 28 0.48
23 29 0.62
23 30 0.3
23 31 0.58
23 32 0.44
23 33 0.19
23 34 0.48
23 35 0.5
23 36 0.69
23 37 0.48
23 38 0.34
23 39 0.29
23 40 0.31
23 41 0.47
23 42 0.26
23 43 0.34
23 44 0.45
23 45 0.54
23 46 0.66
23 47 0.47
23 48 0.54
23 49 0.34
23 50 0.24
23 51 0.24
23 52 0.58
23 53 0.47
23 54 0.72
23 55 0.13
23 56 0.53
23 57 0.55
23 58 0.3
23 59 0.42
23 60 0.53
24 25 0.26
24 26 0.56
24 27 0.48
24 28 0.62
24 29 0.51
24 30 0.23
24 31 0.69
24 32 0.54
24 33 0.24
24 34 0.49
24 35 0.5
24 36 0.58
24 37 0.31
24 38 0.17
24 39 0.48
24 40 0.19
24 41 0.34
24 42 0.3
24 43 0.46
24 44 0.56
24 45 0.36
24 46 0.47
24 47 0.45
24 48 0.63
24 49 0.17
24 50 0.43
24 51 0.36
24 52 0.79
24 53 0.28
24 54 0.52
24 55 0.31
24 56 0.52
24 57 0.74
24 58 0.29
24 59 0.23
24 60 0.64
25 26 0.7
25 27 0.26
25 28 0.63
25 29 0.26
25 30 0.46
25 31 0.72
25 32 0.74
25 33 0.54
25 34 0.46
25 35 0.39
25 36 0.3
25 37 0.53
25 38 0.34
25 39 0.47
25 40 0.08
25 41 0.15
25 42 0.55
25 43 0.68
25 44 0.61
25 45 0.48
25 46 0.46
25 47 0.31
25 48 0.48
25 49 0.28
25 50 0.56
25 51 0.39
25 52 0.85
25 53 0.2
25 54 0.42
25 55 0.56
25 56 0.27
25 57 0.77
25 58 0.15
25 59 0.38
25 60 0.74
26 27 0.99
26 28 0.55
26 29 0.98
26 30 0.5
26 31 0.61
26 32 0.22
26 33 0.29
26 34 0.76
26 35 0.87
26 36 1.11
26 37 0.63
26 38 0.6
26 39 0.48
26 40 0.74
26 41 0.82
26 42 0.29
26 43 0.07
26 44 0.66
26 45 0.78
26 46 1.02
26 47 0.84
26 48 0.84
26 49 0.71
26 50 0.28
26 51 0.52
26 52 0.63
26 53 0.89
26 54 1.01
26 55 0.27
26 56 0.93
26 57 0.48
26 58 0.72
26 59 0.67
26 60 0.63
27 28 0.67
27 29 0.14
27 30 0.75
27 31 0.83
27 32 0.97
27 33 0.7
27 34 0.45
27 35 0.31
27 36 0.17
27 37 0.69
27 38 0.53
27 39 0.56
27 40 0.33
27 41 0.28
27 42 0.8
27 43 0.9
27 44 0.67
27 45 0.71
27 46 0.52
27 47 0.21
27 48 0.39
27 49 0.46
27 50 0.73
27 51 0.47
27 52 0.96
27 53 0.37
27 54 0.57
27 55 0.69
27 56 0.1
27 57 0.89
27 58 0.27
27 59 0.66
27 60 0.73
28 29 0.89
28 30 0.76
28 31 0.12
28 32 0.8
28 33 0.69
28 34 0.27
28 35 0.45
28 36 0.82
28 37 0.91
28 38 0.75
28 39 0.19
28 40 0.67
28 41 0.84
28 42 0.66
28 43 0.58
28 44 0.07
28 45 1.04
28 46 1.11
28 47 0.47
28 48 0.41
28 49 0.82
28 50 0.31
28 51 0.25
28 52 0.2
28 53 0.78
28 54 1.11
28 55 0.43
28 56 0.61
28 57 0.19
28 58 0.54
28 59 0.92
28 60 0.05
29 30 0.71
29 31 0.85
29 32 0.93
29 33 0.85
29 34 0.65
29 35 0.47
29 36 0.06
29 37 0.66
29 38 0.54
29 39 0.68
29 40 0.3
29 41 0.24
29 42 0.85
29 43 0.98
29 44 0.76
29 45 0.62
29 46 0.44
29 47 0.36
29 48 0.57
29 49 0.44
29 50 0.86
29 51 0.59
29 52 0.98
29 53 0.28
29 54 0.37
29 55 0.79
29 56 0.25
29 57 1.05
29 58 0.35
29 59 0.58
29 60 0.84
30 31 0.96
30 32 0.35
30 33 0.2
30 34 0.74
30 35 0.76
30 36 0.76
30 37 0.19
30 38 0.13
30 39 0.63
30 40 0.4
30 41 0.42
30 42 0.21
30 43 0.47
30 44 0.82
30 45 0.28
30 46 0.53
30 47 0.73
30 48 0.84
30 49 0.27
30 50 0.54
30 51 0.55
30 52 0.84
30 53 0.43
30 54 0.59
30 55 0.42
30 56 0.76
30 57 0.84
30 58 0.53
30 59 0.2
30 60 0.87
31 32 0.82
31 33 0.8
31 34 0.37
31 35 0.52
31 36 1.06
31 37 1.13
31 38 0.9
31 39 0.28
31 40 0.73
31 41 0.95
31 42 0.74
31 43 0.61
31 44 0.17
31 45 1.2
31 46 1.13
31 47 0.55
31 48 0.47
31 49 0.95
31 50 0.39
31 51 0.37
31 52 0.15
31 53 0.98
31 54 1.25
31 55 0.47
31 56 0.81
31 57 0.16
31 58 0.62
31 59 1.02
31 60 0.09
32 33 0.24
32 34 0.83
32 35 0.88
32 36 0.98
32 37 0.55
32 38 0.5
32 39 0.57
32 40 0.64
32 41 0.82
32 42 0.18
32 43 0.17
32 44 0.75
32 45 0.62
32 46 0.92
32 47 0.81
32 48 0.96
32 49 0.6
32 50 0.46
32 51 0.6
32 52 0.74
32 53 0.74
32 54 0.95
32 55 0.33
32 56 0.94
32 57 0.68
32 58 0.77
32 59 0.56
32 60 0.81
33 34 0.65
33 35 0.66
33 36 0.8
33 37 0.39
33 38 0.3
33 39 0.44
33 40 0.42
33 41 0.54
33 42 0.07
33 43 0.25
33 44 0.7
33 45 0.46
33 46 0.69
33 47 0.59
33 48 0.72
33 49 0.38
33 50 0.38
33 51 0.41
33 52 0.69
33 53 0.57
33 54 0.7
33 55 0.21
33 56 0.76
33 57 0.63
33 58 0.47
33 59 0.38
33 60 0.68
34 35 0.16
34 36 0.66
34 37 0.87
34 38 0.67
34 39 0.27
34 40 0.48
34 41 0.68
34 42 0.68
34 43 0.64
34 44 0.21
34 45 0.94
34 46 0.89
34 47 0.25
34 48 0.11
34 49 0.68
34 50 0.47
34 51 0.23
34 52 0.46
34 53 0.59
34 54 0.86
34 55 0.51
34 56 0.37
34 57 0.49
34 58 0.31
34 59 0.74
34 60 0.25
35 36 0.51
35 37 0.91
35 38 0.7
35 39 0.38
35 40 0.42
35 41 0.53
35 42 0.76
35 43 0.8
35 44 0.35
35 45 0.88
35 46 0.84
35 47 0.13
35 48 0.07
35 49 0.64
35 50 0.56
35 51 0.31
35 52 0.61
35 53 0.55
35 54 0.75
35 55 0.54
35 56 0.22
35 57 0.59
35 58 0.29
35 59 0.74
35 60 0.41
36 37 0.68
36 38 0.58
36 39 0.75
36 40 0.37
36 41 0.28
36 42 0.9
36 43 1.05
36 44 0.89
36 45 0.61
36 46 0.42
36 47 0.4
36 48 0.55
36 49 0.49
36 50 0.88
36 51 0.72
36 52 1.16
36 53 0.32
36 54 0.37
36 55 0.78
36 56 0.28
36 57 0.97
36 58 0.39
36 59 0.58
36 60 0.93
37 38 0.15
37 39 0.74
37 40 0.43
37 41 0.4
37 42 0.41
37 43 0.68
37 44 0.96
37 45 0.08
37 46 0.39
37 47 0.78
37 48 0.92
37 49 0.22
37 50 0.75
37 51 0.64
37 52 1.13
37 53 0.37
37 54 0.45
37 55 0.6
37 56 0.77
37 57 0.96
37 58 0.55
37 59 0.1
37 60 1.03
38 39 0.58
38 40 0.26
38 41 0.36
38 42 0.29
38 43 0.47
38 44 0.78
38 45 0.2
38 46 0.41
38 47 0.63
38 48 0.72
38 49 0.12
38 50 0.6
38 51 0.57
38 52 0.97
38 53 0.31
38 54 0.41
38 55 0.42
38 56 0.59
38 57 0.77
38 58 0.46
38 59 0.08
38 60 0.75
39 40 0.49
39 41 0.62
39 42 0.52
39 43 0.43
39 44 0.19
39 45 0.8
39 46 0.93
39 47 0.42
39 48 0.4
39 49 0.65
39 50 0.2
39 51 0.11
39 52 0.38
39 53 0.69
39 54 0.84
39 55 0.24
39 56 0.58
39 57 0.3
39 58 0.37
39 59 0.67
39 60 0.22
40 41 0.16
40 42 0.5
40 43 0.62
40 44 0.63
40 45 0.46
40 46 0.41
40 47 0.32
40 48 0.49
40 49 0.2
40 50 0.57
40 51 0.4
40 52 0.85
40 53 0.17
40 54 0.38
40 55 0.45
40 56 0.38
40 57 0.81
40 58 0.18
40 59 0.29
40 60 0.73
41 42 0.57
41 43 0.75
41 44 0.79
41 45 0.41
41 46 0.32
41 47 0.38
41 48 0.64
41 49 0.23
41 50 0.73
41 51 0.53
41 52 1.01
41 53 0.05
41 54 0.26
41 55 0.6
41 56 0.33
41 57 0.89
41 58 0.27
41 59 0.3
41 60 0.77
42 43 0.24
42 44 0.73
42 45 0.45
42 46 0.75
42 47 0.65
42 48 0.77
42 49 0.45
42 50 0.38
42 51 0.48
42 52 0.7
42 53 0.54
42 54 0.85
42 55 0.26
42 56 0.72
42 57 0.65
42 58 0.56
42 59 0.37
42 60 0.72
43 44 0.61
43 45 0.68
43 46 0.92
43 47 0.79
43 48 0.8
43 49 0.55
43 50 0.28
43 51 0.47
43 52 0.61
43 53 0.73
43 54 1.04
43 55 0.21
43 56 0.87
43 57 0.49
43 58 0.64
43 59 0.66
43 60 0.63
44 45 0.9
44 46 1.1
44 47 0.44
44 48 0.32
44 49 0.79
44 50 0.33
44 51 0.25
44 52 0.28
44 53 0.71
44 54 1.02
44 55 0.45
44 56 0.6
44 57 0.26
44 58 0.47
44 59 0.94
44 60 0.06
45 46 0.34
45 47 0.8
45 48 0.9
45 49 0.24
45 50 0.75
45 51 0.74
45 52 1.23
45 53 0.37
45 54 0.4
45 55 0.67
45 56 0.72
45 57 0.96
45 58 0.6
45 59 0.13
45 60 1.06
46 47 0.69
46 48 0.89
46 49 0.35
46 50 0.97
46 51 0.79
46 52 1.41
46 53 0.29
46 54 0.07
46 55 0.75
46 56 0.69
46 57 1.23
46 58 0.65
46 59 0.37
46 60 1.09
47 48 0.19
47 49 0.58
47 50 0.62
47 51 0.3
47 52 0.68
47 53 0.5
47 54 0.66
47 55 0.5
47 56 0.16
47 57 0.66
47 58 0.15
47 59 0.6
47 60 0.46
48 49 0.7
48 50 0.58
48 51 0.3
48 52 0.61
48 53 0.68
48 54 0.87
48 55 0.57
48 56 0.32
48 57 0.56
48 58 0.32
48 59 0.84
48 60 0.38
49 50 0.61
49 51 0.53
49 52 0.96
49 53 0.18
49 54 0.33
49 55 0.52
49 56 0.56
49 57 0.86
49 58 0.34
49 59 0.12
49 60 0.81
50 51 0.3
50 52 0.36
50 53 0.72
50 54 0.94
50 55 0.15
50 56 0.7
50 57 0.28
50 58 0.52
50 59 0.7
50 60 0.38
51 52 0.43
51 53 0.61
51 54 0.72
51 55 0.26
51 56 0.42
51 57 0.38
51 58 0.27
51 59 0.61
51 60 0.3
52 53 1
52 54 1.17
52 55 0.47
52 56 0.82
52 57 0.09
52 58 0.73
52 59 0.95
52 60 0.22
53 54 0.24
53 55 0.61
53 56 0.41
53 57 0.95
53 58 0.32
53 59 0.27
53 60 0.86
54 55 0.76
54 56 0.63
54 57 1.15
54 58 0.59
54 59 0.41
54 60 1.11
55 56 0.72
55 57 0.41
55 58 0.42
55 59 0.52
55 60 0.47
56 57 0.74
56 58 0.24
56 59 0.69
56 60 0.62
57 58 0.72
57 59 0.88
57 60 0.2
58 59 0.48
58 60 0.54
59 60 0.88