0 1 0.77
0 2 0.65
0 3 0.27
0 4 0.53
0 5 1.05
0 6 0.5
0 7 0.62
0 8 0.67
0 9 1.13
0 10 0.96
0 11 0.39
0 12 1.05
0 13 0.6
0 14 0.19
0 15 0.56
0 16 0.14
0 17 0.73
0 18 0.07
0 19 0.37
0 20 0.17
0 21 0.49
0 22 0.95
0 23 0.4
0 24 0.58
0 25 0.16
0 26 0.67
0 27 0.74
0 28 0.67
0 29 0.69
0 30 0.96
0 31 0.61
0 32 1.06
0 33 0.17
0 34 0.36
0 35 0.47
0 36 0.83
0 37 0.74
0 38 0.43
0 39 0.61
0 40 0.31
0 41 0.07
0 42 1.12
0 43 1
0 44 0.71
0 45 1.02
0 46 0.24
0 47 0.3
0 48 0.89
0 49 0.82
0 50 0.6
0 51 1.32
0 52 0.31
0 53 0.74
0 54 1.01
0 55 0.46
0 56 0.94
0 57 0.66
0 58 0.55
0 59 0.45
1 2 0.15
1 3 0.74
1 4 0.49
1 5 0.28
1 6 0.32
1 7 0.96
1 8 0.84
1 9 0.66
1 10 0.26
1 11 0.5
1 12 0.73
1 13 0.86
1 14 0.62
1 15 0.64
1 16 0.83
1 17 0.87
1 18 0.82
1 19 0.68
1 20 0.75
1 21 0.52
1 22 0.22
1 23 0.42
1 24 0.18
1 25 0.71
1 26 0.72
1 27 0.81
1 28 0.2
1 29 0.84
1 30 0.42
1 31 0.26
1 32 0.62
1 33 0.81
1 34 0.36
1 35 0.56
1 36 0.14
1 37 0.89
1 38 0.83
1 39 0.49
1 40 0.52
1 41 0.84
1 42 0.34
1 43 0.6
1 44 0.13
1 45 0.28
1 46 0.58
1 47 0.51
1 48 0.17
1 49 0.22
1 50 0.48
1 51 0.8
1 52 0.8
1 53 0.32
1 54 0.26
1 55 0.57
1 56 0.64
1 57 0.92
1 58 0.27
1 59 0.84
2 3 0.49
2 4 0.38
2 5 0.39
2 6 0.18
2 7 0.85
2 8 0.76
2 9 0.71
2 10 0.41
2 11 0.38
2 12 0.74
2 13 0.84
2 14 0.54
2 15 0.59
2 16 0.68
2 17 0.84
2 18 0.65
2 19 0.59
2 20 0.66
2 21 0.38
2 22 0.36
2 23 0.3
2 24 0.08
2 25 0.51
2 26 0.74
2 27 0.8
2 28 0.11
2 29 0.82
2 30 0.43
2 31 0.16
2 32 0.64
2 33 0.68
2 34 0.24
2 35 0.51
2 36 0.25
2 37 0.86
2 38 0.79
2 39 0.47
2 40 0.38
2 41 0.67
2 42 0.48
2 43 0.63
2 44 0.14
2 45 0.43
2 46 0.44
2 47 0.36
2 48 0.3
2 49 0.22
2 50 0.46
2 51 0.88
2 52 0.69
2 53 0.32
2 54 0.42
2 55 0.48
2 56 0.61
2 57 0.85
2 58 0.2
2 59 0.75
3 4 0.27
3 5 0.95
3 6 0.33
3 7 0.77
3 8 0.82
3 9 1.21
3 10 0.9
3 11 0.2
3 12 1.14
3 13 0.86
3 14 0.35
3 15 0.75
3 16 0.19
3 17 0.89
3 18 0.32
3 19 0.57
3 20 0.16
3 21 0.3
3 22 0.92
3 23 0.45
3 24 0.55
3 25 0.14
3 26 0.95
3 27 0.86
3 28 0.52
3 29 0.93
3 30 0.8
3 31 0.48
3 32 1.2
3 33 0.42
3 34 0.35
3 35 0.62
3 36 0.82
3 37 1.04
3 38 0.67
3 39 0.7
3 40 0.16
3 41 0.34
3 42 0.97
3 43 1.01
3 44 0.56
3 45 0.96
3 46 0.09
3 47 0.45
3 48 0.79
3 49 0.68
3 50 0.7
3 51 1.4
3 52 0.51
3 53 0.6
3 54 0.99
3 55 0.65
3 56 1
3 57 0.87
3 58 0.56
3 59 0.69
4 5 0.8
4 6 0.23
4 7 0.98
4 8 0.95
4 9 1.15
4 10 0.81
4 11 0.1
4 12 1.12
4 13 1.02
4 14 0.5
4 15 0.82
4 16 0.42
4 17 1
4 18 0.56
4 19 0.67
4 20 0.43
4 21 0.03
4 22 0.76
4 23 0.49
4 24 0.46
4 25 0.37
4 26 0.95
4 27 0.96
4 28 0.3
4 29 1.01
4 30 0.53
4 31 0.29
4 32 0.99
4 33 0.63
4 34 0.33
4 35 0.65
4 36 0.59
4 37 1.09
4 38 0.84
4 39 0.71
4 40 0.18
4 41 0.55
4 42 0.84
4 43 1.02
4 44 0.44
4 45 0.75
4 46 0.26
4 47 0.49
4 48 0.68
4 49 0.42
4 50 0.69
4 51 1.29
4 52 0.77
4 53 0.3
4 54 0.77
4 55 0.7
4 56 0.99
4 57 0.97
4 58 0.5
4 59 0.83
5 6 0.6
5 7 0.96
5 8 0.87
5 9 0.42
5 10 0.04
5 11 0.84
5 12 0.59
5 13 0.95
5 14 0.8
5 15 0.68
5 16 1.03
5 17 0.88
5 18 1.02
5 19 0.83
5 20 1.03
5 21 0.76
5 22 0.06
5 23 0.63
5 24 0.4
5 25 0.97
5 26 0.74
5 27 0.94
5 28 0.52
5 29 0.93
5 30 0.55
5 31 0.49
5 32 0.38
5 33 0.97
5 34 0.58
5 35 0.7
5 36 0.22
5 37 0.98
5 38 1.01
5 39 0.61
5 40 0.8
5 41 0.99
5 42 0.08
5 43 0.49
5 44 0.4
5 45 0.05
5 46 0.86
5 47 0.7
5 48 0.1
5 49 0.45
5 50 0.54
5 51 0.5
5 52 1
5 53 0.62
5 54 0.03
5 55 0.63
5 56 0.46
5 57 0.96
5 58 0.45
5 59 0.99
6 7 0.73
6 8 0.81
6 9 0.87
6 10 0.57
6 11 0.22
6 12 0.91
6 13 0.79
6 14 0.36
6 15 0.62
6 16 0.49
6 17 0.78
6 18 0.47
6 19 0.53
6 20 0.52
6 21 0.22
6 22 0.51
6 23 0.29
6 24 0.18
6 25 0.35
6 26 0.73
6 27 0.76
6 28 0.16
6 29 0.81
6 30 0.48
6 31 0.17
6 32 0.85
6 33 0.56
6 34 0.15
6 35 0.45
6 36 0.42
6 37 0.9
6 38 0.64
6 39 0.51
6 40 0.2
6 41 0.55
6 42 0.67
6 43 0.81
6 44 0.28
6 45 0.59
6 46 0.27
6 47 0.28
6 48 0.5
6 49 0.31
6 50 0.46
6 51 1.06
6 52 0.56
6 53 0.32
6 54 0.59
6 55 0.47
6 56 0.78
6 57 0.81
6 58 0.28
6 59 0.66
7 8 0.07
7 9 0.81
7 10 0.95
7 11 0.82
7 12 0.71
7 13 0.05
7 14 0.45
7 15 0.26
7 16 0.74
7 17 0.21
7 18 0.53
7 19 0.26
7 20 0.86
7 21 0.89
7 22 1.01
7 23 0.56
7 24 0.78
7 25 0.71
7 26 0.23
7 27 0.15
7 28 0.87
7 29 0.05
7 30 1.25
7 31 1.01
7 32 0.81
7 33 0.42
7 34 0.58
7 35 0.31
7 36 0.98
7 37 0.16
7 38 0.18
7 39 0.38
7 40 0.76
7 41 0.56
7 42 0.94
7 43 0.61
7 44 1.04
7 45 0.95
7 46 0.75
7 47 0.46
7 48 0.91
7 49 1.06
7 50 0.41
7 51 0.96
7 52 0.3
7 53 1.02
7 54 0.99
7 55 0.32
7 56 0.61
7 57 0.16
7 58 0.57
7 59 0.17
8 9 0.77
8 10 0.89
8 11 0.92
8 12 0.66
8 13 0.02
8 14 0.5
8 15 0.23
8 16 0.83
8 17 0.13
8 18 0.54
8 19 0.28
8 20 0.8
8 21 0.95
8 22 0.92
8 23 0.52
8 24 0.77
8 25 0.68
8 26 0.15
8 27 0.09
8 28 0.89
8 29 0.05
8 30 1.28
8 31 0.88
8 32 0.71
8 33 0.47
8 34 0.61
8 35 0.29
8 36 0.9
8 37 0.13
8 38 0.27
8 39 0.38
8 40 0.73
8 41 0.6
8 42 0.93
8 43 0.5
8 44 0.95
8 45 0.9
8 46 0.79
8 47 0.54
8 48 0.9
8 49 1.13
8 50 0.34
8 51 0.9
8 52 0.31
8 53 1.02
8 54 0.9
8 55 0.27
8 56 0.55
8 57 0.1
8 58 0.61
8 59 0.21
9 10 0.47
9 11 1.16
9 12 0.22
9 13 0.83
9 14 0.99
9 15 0.68
9 16 1.19
9 17 0.75
9 18 1.2
9 19 0.89
9 20 1.22
9 21 1.03
9 22 0.43
9 23 0.77
9 24 0.7
9 25 1.2
9 26 0.7
9 27 0.75
9 28 0.92
9 29 0.95
9 30 0.95
9 31 0.9
9 32 0.07
9 33 1.09
9 34 0.86
9 35 0.68
9 36 0.63
9 37 0.79
9 38 1.04
9 39 0.56
9 40 1.06
9 41 1.18
9 42 0.31
9 43 0.31
9 44 0.76
9 45 0.38
9 46 1.17
9 47 0.91
9 48 0.43
9 49 0.85
9 50 0.54
9 51 0.13
9 52 0.99
9 53 0.92
9 54 0.43
9 55 0.71
9 56 0.28
9 57 0.83
9 58 0.57
9 59 1.05
10 11 0.77
10 12 0.63
10 13 0.97
10 14 0.92
10 15 0.75
10 16 1.01
10 17 0.88
10 18 1.05
10 19 0.86
10 20 1.06
10 21 0.72
10 22 0.02
10 23 0.6
10 24 0.45
10 25 0.91
10 26 0.88
10 27 0.98
10 28 0.47
10 29 1.02
10 30 0.51
10 31 0.54
10 32 0.46
10 33 1.13
10 34 0.61
10 35 0.69
10 36 0.19
10 37 1.04
10 38 0.97
10 39 0.62
10 40 0.7
10 41 1.05
10 42 0.15
10 43 0.54
10 44 0.38
10 45 0.09
10 46 0.79
10 47 0.68
10 48 0.09
10 49 0.39
10 50 0.57
10 51 0.57
10 52 0.96
10 53 0.52
10 54 0.03
10 55 0.66
10 56 0.54
10 57 0.94
10 58 0.42
10 59 0.9
11 12 1.08
11 13 0.93
11 14 0.39
11 15 0.77
11 16 0.34
11 17 0.93
11 18 0.44
11 19 0.61
11 20 0.35
11 21 0.1
11 22 0.8
11 23 0.45
11 24 0.4
11 25 0.22
11 26 0.91
11 27 0.94
11 28 0.31
11 29 0.84
11 30 0.6
11 31 0.3
11 32 0.99
11 33 0.54
11 34 0.27
11 35 0.56
11 36 0.61
11 37 1.04
11 38 0.72
11 39 0.61
11 40 0.1
11 41 0.44
11 42 0.86
11 43 1.02
11 44 0.44
11 45 0.88
11 46 0.17
11 47 0.41
11 48 0.7
11 49 0.43
11 50 0.66
11 51 1.15
11 52 0.59
11 53 0.39
11 54 0.81
11 55 0.61
11 56 0.92
11 57 1
11 58 0.53
11 59 0.67
12 13 0.68
12 14 0.93
12 15 0.56
12 16 1.21
12 17 0.53
12 18 1.03
12 19 0.76
12 20 1.29
12 21 1.16
12 22 0.62
12 23 0.68
12 24 0.75
12 25 1.16
12 26 0.51
12 27 0.56
12 28 0.9
12 29 0.67
12 30 1.07
12 31 0.95
12 32 0.17
12 33 1.05
12 34 0.83
12 35 0.59
12 36 0.72
12 37 0.6
12 38 0.86
12 39 0.52
12 40 1.01
12 41 1.04
12 42 0.5
12 43 0.15
12 44 0.85
12 45 0.56
12 46 1.07
12 47 0.76
12 48 0.6
12 49 0.98
12 50 0.5
12 51 0.25
12 52 0.85
12 53 1.06
12 54 0.65
12 55 0.59
12 56 0.14
12 57 0.63
12 58 0.62
12 59 0.84
13 14 0.52
13 15 0.24
13 16 0.73
13 17 0.14
13 18 0.59
13 19 0.27
13 20 0.8
13 21 1.01
13 22 0.89
13 23 0.55
13 24 0.72
13 25 0.71
13 26 0.19
13 27 0.1
13 28 0.83
13 29 0.03
13 30 1.17
13 31 0.98
13 32 0.76
13 33 0.49
13 34 0.61
13 35 0.29
13 36 1.08
13 37 0.15
13 38 0.25
13 39 0.39
13 40 0.79
13 41 0.55
13 42 0.86
13 43 0.58
13 44 0.84
13 45 0.82
13 46 0.8
13 47 0.49
13 48 0.9
13 49 1.03
13 50 0.39
13 51 0.92
13 52 0.31
13 53 1.05
13 54 1.02
13 55 0.29
13 56 0.53
13 57 0.1
13 58 0.61
13 59 0.21
14 15 0.38
14 16 0.27
14 17 0.57
14 18 0.15
14 19 0.23
14 20 0.33
14 21 0.47
14 22 0.82
14 23 0.23
14 24 0.43
14 25 0.2
14 26 0.52
14 27 0.55
14 28 0.54
14 29 0.53
14 30 0.89
14 31 0.55
14 32 0.9
14 33 0.18
14 34 0.23
14 35 0.29
14 36 0.77
14 37 0.61
14 38 0.37
14 39 0.45
14 40 0.28
14 41 0.19
14 42 0.89
14 43 0.73
14 44 0.62
14 45 0.88
14 46 0.27
14 47 0.16
14 48 0.76
14 49 0.71
14 50 0.41
14 51 1.17
14 52 0.25
14 53 0.68
14 54 0.9
14 55 0.32
14 56 0.71
14 57 0.6
14 58 0.38
14 59 0.34
15 16 0.69
15 17 0.26
15 18 0.47
15 19 0.21
15 20 0.71
15 21 0.75
15 22 0.74
15 23 0.3
15 24 0.52
15 25 0.63
15 26 0.15
15 27 0.19
15 28 0.69
15 29 0.26
15 30 1.11
15 31 0.72
15 32 0.62
15 33 0.45
15 34 0.48
15 35 0.12
15 36 0.72
15 37 0.3
15 38 0.3
15 39 0.14
15 40 0.57
15 41 0.51
15 42 0.69
15 43 0.38
15 44 0.71
15 45 0.67
15 46 0.66
15 47 0.3
15 48 0.7
15 49 0.8
15 50 0.16
15 51 0.76
15 52 0.3
15 53 0.9
15 54 0.77
15 55 0.09
15 56 0.44
15 57 0.28
15 58 0.37
15 59 0.28
16 17 0.93
16 18 0.19
16 19 0.51
16 20 0.05
16 21 0.45
16 22 0.99
16 23 0.55
16 24 0.63
16 25 0.14
16 26 0.91
16 27 0.77
16 28 0.64
16 29 0.75
16 30 0.92
16 31 0.63
16 32 1.18
16 33 0.28
16 34 0.41
16 35 0.6
16 36 0.92
16 37 0.87
16 38 0.53
16 39 0.71
16 40 0.3
16 41 0.18
16 42 1.17
16 43 1.04
16 44 0.74
16 45 1.07
16 46 0.2
16 47 0.42
16 48 0.98
16 49 0.81
16 50 0.68
16 51 1.28
16 52 0.45
16 53 0.8
16 54 1.09
16 55 0.6
16 56 1.03
16 57 0.84
16 58 0.64
16 59 0.57
17 18 0.65
17 19 0.37
17 20 0.93
17 21 0.98
17 22 0.88
17 23 0.52
17 24 0.69
17 25 0.79
17 26 0.09
17 27 0.05
17 28 0.83
17 29 0.16
17 30 1.11
17 31 0.86
17 32 0.65
17 33 0.6
17 34 0.71
17 35 0.36
17 36 0.92
17 37 0.11
17 38 0.4
17 39 0.36
17 40 0.82
17 41 0.69
17 42 0.83
17 43 0.44
17 44 0.97
17 45 0.8
17 46 0.85
17 47 0.55
17 48 0.86
17 49 1.11
17 50 0.36
17 51 0.75
17 52 0.45
17 53 1.1
17 54 0.89
17 55 0.31
17 56 0.49
17 57 0.07
17 58 0.64
17 59 0.36
18 19 0.28
18 20 0.26
18 21 0.52
18 22 0.94
18 23 0.4
18 24 0.53
18 25 0.19
18 26 0.58
18 27 0.59
18 28 0.68
18 29 0.62
18 30 0.95
18 31 0.62
18 32 1.03
18 33 0.1
18 34 0.35
18 35 0.39
18 36 0.87
18 37 0.75
18 38 0.33
18 39 0.53
18 40 0.32
18 41 0.05
18 42 0.96
18 43 0.92
18 44 0.79
18 45 0.95
18 46 0.25
18 47 0.28
18 48 0.89
18 49 0.82
18 50 0.56
18 51 1.29
18 52 0.25
18 53 0.77
18 54 1.1
18 55 0.41
18 56 0.88
18 57 0.66
18 58 0.59
18 59 0.34
19 20 0.53
19 21 0.74
19 22 0.8
19 23 0.28
19 24 0.56
19 25 0.42
19 26 0.35
19 27 0.36
19 28 0.65
19 29 0.31
19 30 1.09
19 31 0.65
19 32 0.79
19 33 0.24
19 34 0.38
19 35 0.16
19 36 0.81
19 37 0.41
19 38 0.18
19 39 0.3
19 40 0.52
19 41 0.32
19 42 0.9
19 43 0.59
19 44 0.74
19 45 0.8
19 46 0.48
19 47 0.24
19 48 0.74
19 49 0.8
19 50 0.31
19 51 1.01
19 52 0.1
19 53 0.8
19 54 0.86
19 55 0.16
19 56 0.63
19 57 0.35
19 58 0.44
19 59 0.14
20 21 0.44
20 22 1.07
20 23 0.5
20 24 0.67
20 25 0.17
20 26 0.87
20 27 0.95
20 28 0.7
20 29 0.93
20 30 0.93
20 31 0.64
20 32 1.25
20 33 0.32
20 34 0.43
20 35 0.64
20 36 0.86
20 37 1.01
20 38 0.58
20 39 0.78
20 40 0.29
20 41 0.24
20 42 1.06
20 43 0.99
20 44 0.78
20 45 1.01
20 46 0.23
20 47 0.47
20 48 0.91
20 49 0.78
20 50 0.73
20 51 1.42
20 52 0.51
20 53 0.72
20 54 1.07
20 55 0.62
20 56 1.09
20 57 0.97
20 58 0.74
20 59 0.59
21 22 0.74
21 23 0.44
21 24 0.41
21 25 0.37
21 26 0.88
21 27 1
21 28 0.31
21 29 1.04
21 30 0.5
21 31 0.24
21 32 0.99
21 33 0.61
21 34 0.34
21 35 0.65
21 36 0.56
21 37 1
21 38 0.78
21 39 0.72
21 40 0.18
21 41 0.59
21 42 0.85
21 43 0.99
21 44 0.39
21 45 0.8
21 46 0.29
21 47 0.45
21 48 0.64
21 49 0.36
21 50 0.72
21 51 1.15
21 52 0.69
21 53 0.3
21 54 0.78
21 55 0.66
21 56 0.99
21 57 0.94
21 58 0.5
21 59 0.81
22 23 0.57
22 24 0.36
22 25 0.83
22 26 0.79
22 27 0.85
22 28 0.47
22 29 0.95
22 30 0.48
22 31 0.47
22 32 0.45
22 33 1.07
22 34 0.62
22 35 0.65
22 36 0.18
22 37 1.03
22 38 1.05
22 39 0.55
22 40 0.76
22 41 0.95
22 42 0.14
22 43 0.52
22 44 0.34
22 45 0.1
22 46 0.8
22 47 0.65
22 48 0.06
22 49 0.4
22 50 0.53
22 51 0.58
22 52 0.96
22 53 0.56
22 54 0.05
22 55 0.7
22 56 0.55
22 57 0.92
22 58 0.43
22 59 0.97
23 24 0.24
23 25 0.35
23 26 0.45
23 27 0.48
23 28 0.36
23 29 0.51
23 30 0.73
23 31 0.42
23 32 0.73
23 33 0.41
23 34 0.15
23 35 0.2
23 36 0.52
23 37 0.66
23 38 0.49
23 39 0.26
23 40 0.3
23 41 0.45
23 42 0.67
23 43 0.52
23 44 0.42
23 45 0.58
23 46 0.41
23 47 0.09
23 48 0.48
23 49 0.56
23 50 0.23
23 51 0.87
23 52 0.4
23 53 0.55
23 54 0.65
23 55 0.22
23 56 0.62
23 57 0.57
23 58 0.15
23 59 0.46
24 25 0.49
24 26 0.64
24 27 0.72
24 28 0.2
24 29 0.78
24 30 0.49
24 31 0.23
24 32 0.65
24 33 0.58
24 34 0.22
24 35 0.38
24 36 0.36
24 37 0.77
24 38 0.75
24 39 0.39
24 40 0.39
24 41 0.61
24 42 0.5
24 43 0.55
24 44 0.24
24 45 0.44
24 46 0.46
24 47 0.3
24 48 0.31
24 49 0.35
24 50 0.36
24 51 0.81
24 52 0.58
24 53 0.38
24 54 0.45
24 55 0.41
24 56 0.62
24 57 0.77
24 58 0.13
24 59 0.7
25 26 0.75
25 27 0.74
25 28 0.52
25 29 0.81
25 30 0.87
25 31 0.48
25 32 1.11
25 33 0.29
25 34 0.28
25 35 0.47
25 36 0.73
25 37 0.82
25 38 0.5
25 39 0.67
25 40 0.17
25 41 0.21
25 42 0.97
25 43 0.9
25 44 0.59
25 45 0.9
25 46 0.08
25 47 0.29
25 48 0.86
25 49 0.67
25 50 0.57
25 51 1.21
25 52 0.42
25 53 0.63
25 54 0.95
25 55 0.5
25 56 0.94
25 57 0.79
25 58 0.51
25 59 0.57
26 27 0.1
26 28 0.78
26 29 0.22
26 30 1.2
26 31 0.94
26 32 0.64
26 33 0.57
26 34 0.58
26 35 0.28
26 36 0.9
26 37 0.2
26 38 0.39
26 39 0.25
26 40 0.79
26 41 0.73
26 42 0.69
26 43 0.38
26 44 0.78
26 45 0.73
26 46 0.76
26 47 0.44
26 48 0.74
26 49 0.9
26 50 0.29
26 51 0.7
26 52 0.39
26 53 1.03
26 54 0.77
26 55 0.25
26 56 0.38
26 57 0.15
26 58 0.46
26 59 0.34
27 28 0.84
27 29 0.12
27 30 1.29
27 31 0.93
27 32 0.65
27 33 0.55
27 34 0.6
27 35 0.28
27 36 0.95
27 37 0.12
27 38 0.33
27 39 0.32
27 40 0.86
27 41 0.68
27 42 0.86
27 43 0.45
27 44 0.94
27 45 0.82
27 46 0.75
27 47 0.58
27 48 0.86
27 49 1.04
27 50 0.36
27 51 0.86
27 52 0.39
27 53 0.99
27 54 0.98
27 55 0.3
27 56 0.49
27 57 0.06
27 58 0.57
27 59 0.32
28 29 0.96
28 30 0.4
28 31 0.04
28 32 0.8
28 33 0.72
28 34 0.3
28 35 0.56
28 36 0.29
28 37 0.98
28 38 0.83
28 39 0.6
28 40 0.35
28 41 0.75
28 42 0.51
28 43 0.72
28 44 0.11
28 45 0.46
28 46 0.45
28 47 0.43
28 48 0.42
28 49 0.17
28 50 0.59
28 51 0.95
28 52 0.77
28 53 0.19
28 54 0.49
28 55 0.58
28 56 0.7
28 57 0.92
28 58 0.3
28 59 0.89
29 30 1.37
29 31 0.97
29 32 0.84
29 33 0.51
29 34 0.69
29 35 0.35
29 36 1.03
29 37 0.12
29 38 0.25
29 39 0.39
29 40 0.85
29 41 0.59
29 42 0.88
29 43 0.59
29 44 1.05
29 45 0.87
29 46 0.87
29 47 0.52
29 48 0.96
29 49 1.06
29 50 0.38
29 51 0.99
29 52 0.31
29 53 1.1
29 54 0.98
29 55 0.32
29 56 0.59
29 57 0.09
29 58 0.59
29 59 0.22
30 31 0.34
30 32 1.02
30 33 0.98
30 34 0.67
30 35 0.98
30 36 0.31
30 37 1.26
30 38 1.24
30 39 0.88
30 40 0.69
30 41 0.91
30 42 0.68
30 43 1.02
30 44 0.32
30 45 0.57
30 46 0.71
30 47 0.8
30 48 0.49
30 49 0.19
30 50 0.93
30 51 1.19
30 52 1.11
30 53 0.21
30 54 0.5
30 55 0.9
30 56 0.97
30 57 1.34
30 58 0.68
30 59 1.24
31 32 0.82
31 33 0.71
31 34 0.32
31 35 0.66
31 36 0.32
31 37 0.97
31 38 0.95
31 39 0.6
31 40 0.36
31 41 0.69
31 42 0.61
31 43 0.84
31 44 0.14
31 45 0.53
31 46 0.45
31 47 0.44
31 48 0.45
31 49 0.16
31 50 0.57
31 51 0.99
31 52 0.76
31 53 0.17
31 54 0.54
31 55 0.63
31 56 0.83
31 57 0.91
31 58 0.35
31 59 0.8
32 33 1.03
32 34 0.79
32 35 0.67
32 36 0.57
32 37 0.76
32 38 0.97
32 39 0.48
32 40 1.04
32 41 1.06
32 42 0.31
32 43 0.23
32 44 0.7
32 45 0.37
32 46 1.02
32 47 0.74
32 48 0.44
32 49 0.78
32 50 0.51
32 51 0.2
32 52 0.99
32 53 0.91
32 54 0.43
32 55 0.65
32 56 0.2
32 57 0.78
32 58 0.56
32 59 0.9
33 34 0.45
33 35 0.4
33 36 0.98
33 37 0.65
33 38 0.26
33 39 0.53
33 40 0.43
33 41 0.11
33 42 0.99
33 43 0.79
33 44 0.74
33 45 0.98
33 46 0.35
33 47 0.3
33 48 0.9
33 49 0.89
33 50 0.54
33 51 1.2
33 52 0.18
33 53 0.82
33 54 1.08
33 55 0.4
33 56 0.87
33 57 0.64
33 58 0.61
33 59 0.28
34 35 0.31
34 36 0.57
34 37 0.72
34 38 0.57
34 39 0.37
34 40 0.2
34 41 0.41
34 42 0.73
34 43 0.66
34 44 0.38
34 45 0.61
34 46 0.27
34 47 0.14
34 48 0.51
34 49 0.44
34 50 0.38
34 51 0.94
34 52 0.44
34 53 0.46
34 54 0.63
34 55 0.37
34 56 0.69
34 57 0.7
34 58 0.23
34 59 0.5
35 36 0.65
35 37 0.43
35 38 0.31
35 39 0.16
35 40 0.52
35 41 0.5
35 42 0.73
35 43 0.51
35 44 0.62
35 45 0.74
35 46 0.47
35 47 0.23
35 48 0.66
35 49 0.76
35 50 0.14
35 51 0.81
35 52 0.24
35 53 0.81
35 54 0.76
35 55 0.02
35 56 0.54
35 57 0.36
35 58 0.3
35 59 0.31
36 37 1.05
36 38 1.01
36 39 0.66
36 40 0.64
36 41 1.02
36 42 0.31
36 43 0.73
36 44 0.2
36 45 0.27
36 46 0.71
36 47 0.68
36 48 0.18
36 49 0.22
36 50 0.64
36 51 0.75
36 52 0.88
36 53 0.36
36 54 0.23
36 55 0.69
36 56 0.73
36 57 0.98
36 58 0.45
36 59 1.01
37 38 0.38
37 39 0.42
37 40 0.98
37 41 0.69
37 42 0.89
37 43 0.58
37 44 1.08
37 45 0.91
37 46 0.85
37 47 0.63
37 48 0.97
37 49 1.07
37 50 0.45
37 51 0.83
37 52 0.45
37 53 1.26
37 54 1.07
37 55 0.42
37 56 0.58
37 57 0.05
37 58 0.63
37 59 0.34
38 39 0.42
38 40 0.6
38 41 0.38
38 42 0.92
38 43 0.74
38 44 0.92
38 45 1.07
38 46 0.61
38 47 0.42
38 48 0.96
38 49 0.99
38 50 0.47
38 51 1.1
38 52 0.11
38 53 0.95
38 54 1.03
38 55 0.32
38 56 0.73
38 57 0.33
38 58 0.57
38 59 0.05
39 40 0.61
39 41 0.58
39 42 0.55
39 43 0.3
39 44 0.64
39 45 0.6
39 46 0.61
39 47 0.3
39 48 0.46
39 49 0.68
39 50 0.02
39 51 0.67
39 52 0.41
39 53 0.78
39 54 0.62
39 55 0.14
39 56 0.35
39 57 0.38
39 58 0.27
39 59 0.44
40 41 0.38
40 42 0.81
40 43 0.84
40 44 0.42
40 45 0.83
40 46 0.09
40 47 0.28
40 48 0.72
40 49 0.51
40 50 0.54
40 51 1.25
40 52 0.5
40 53 0.46
40 54 0.76
40 55 0.53
40 56 0.91
40 57 0.9
40 58 0.4
40 59 0.66
41 42 1
41 43 0.97
41 44 0.73
41 45 1.03
41 46 0.29
41 47 0.34
41 48 0.87
41 49 0.83
41 50 0.56
41 51 1.24
41 52 0.3
41 53 0.84
41 54 1.03
41 55 0.46
41 56 0.95
41 57 0.63
41 58 0.59
41 59 0.43
42 43 0.43
42 44 0.48
42 45 0.05
42 46 0.95
42 47 0.7
42 48 0.17
42 49 0.52
42 50 0.57
42 51 0.44
42 52 0.98
42 53 0.69
42 54 0.13
42 55 0.68
42 56 0.46
42 57 0.89
42 58 0.5
42 59 0.93
43 44 0.69
43 45 0.47
43 46 0.93
43 47 0.63
43 48 0.51
43 49 0.83
43 50 0.35
43 51 0.41
43 52 0.73
43 53 0.9
43 54 0.57
43 55 0.44
43 56 0.03
43 57 0.47
43 58 0.5
43 59 0.69
44 45 0.45
44 46 0.58
44 47 0.54
44 48 0.3
44 49 0.1
44 50 0.56
44 51 0.86
44 52 0.81
44 53 0.21
44 54 0.38
44 55 0.66
44 56 0.7
44 57 0.99
44 58 0.34
44 59 0.91
45 46 0.91
45 47 0.62
45 48 0.11
45 49 0.52
45 50 0.5
45 51 0.51
45 52 0.87
45 53 0.66
45 54 0.08
45 55 0.68
45 56 0.47
45 57 0.93
45 58 0.46
45 59 0.99
46 47 0.29
46 48 0.78
46 49 0.6
46 50 0.58
46 51 1.14
46 52 0.51
46 53 0.53
46 54 0.85
46 55 0.52
46 56 0.88
46 57 0.84
46 58 0.5
46 59 0.58
47 48 0.56
47 49 0.57
47 50 0.3
47 51 0.93
47 52 0.3
47 53 0.58
47 54 0.72
47 55 0.25
47 56 0.64
47 57 0.58
47 58 0.26
47 59 0.36
48 49 0.37
48 50 0.46
48 51 0.56
48 52 0.86
48 53 0.51
48 54 0.11
48 55 0.59
48 56 0.48
48 57 0.85
48 58 0.38
48 59 0.91
49 50 0.67
49 51 0.9
49 52 0.88
49 53 0.13
49 54 0.43
49 55 0.75
49 56 0.81
49 57 1.06
49 58 0.44
49 59 1.07
50 51 0.67
50 52 0.41
50 53 0.8
50 54 0.65
50 55 0.13
50 56 0.34
50 57 0.43
50 58 0.24
50 59 0.42
51 52 1.04
51 53 1.1
51 54 0.52
51 55 0.85
51 56 0.34
51 57 0.89
51 58 0.7
51 59 1.06
52 53 0.97
52 54 0.95
52 55 0.25
52 56 0.76
52 57 0.43
52 58 0.53
52 59 0.12
53 54 0.57
53 55 0.79
53 56 0.98
53 57 1.21
53 58 0.57
53 59 1.07
54 55 0.75
54 56 0.53
54 57 0.95
54 58 0.42
54 59 1.11
55 56 0.47
55 57 0.36
55 58 0.31
55 59 0.28
56 57 0.53
56 58 0.47
56 59 0.68
57 58 0.68
57 59 0.31
58 59 0.56