0 1 0.78
0 2 0.54
0 3 1.01
0 4 1.12
0 5 0.56
0 6 0.67
0 7 0.11
0 8 0.5
0 9 0.86
0 10 0.28
0 11 0.85
0 12 0.33
0 13 0.4
0 14 0.45
0 15 0.04
0 16 0.43
0 17 1.21
0 18 0.62
0 19 0.45
0 20 0.15
0 21 1.11
0 22 0.58
0 23 1.21
0 24 0.99
0 25 0.69
0 26 0.83
0 27 1.16
0 28 0.02
0 29 0.51
0 30 0.65
0 31 0.67
0 32 0.57
0 33 1.12
0 34 0.68
0 35 1.05
0 36 0.31
0 37 0.43
0 38 0.46
0 39 1.13
0 40 0.55
0 41 1.15
0 42 0.94
0 43 0.63
0 44 0.58
0 45 0.81
0 46 0.72
0 47 1
0 48 0.33
0 49 0.89
0 50 1.05
0 51 0.22
0 52 0.26
0 53 0.3
0 54 0.84
0 55 0.89
0 56 0.33
0 57 0.79
0 58 1.08
0 59 0.88
0 60 0.57
0 61 0.46
1 2 0.37
1 3 0.26
1 4 0.37
1 5 0.23
1 6 0.72
1 7 0.73
1 8 1.14
1 9 0.11
1 10 0.86
1 11 0.3
1 12 0.43
1 13 0.29
1 14 0.32
1 15 0.72
1 16 0.78
1 17 0.83
1 18 0.16
1 19 0.32
1 20 0.63
1 21 0.35
1 22 0.55
1 23 0.38
1 24 0.3
1 25 0.22
1 26 0.56
1 27 0.42
1 28 0.74
1 29 0.84
1 30 0.13
1 31 0.3
1 32 0.76
1 33 0.71
1 34 0.35
1 35 0.46
1 36 0.68
1 37 0.62
1 38 0.32
1 39 0.36
1 40 0.67
1 41 0.41
1 42 0.21
1 43 0.95
1 44 0.51
1 45 0.28
1 46 0.19
1 47 0.33
1 48 0.44
1 49 0.38
1 50 0.79
1 51 0.93
1 52 0.61
1 53 0.47
1 54 0.1
1 55 0.58
1 56 0.44
1 57 0.81
1 58 0.88
1 59 0.56
1 60 0.24
1 61 0.77
2 3 0.5
2 4 0.82
2 5 0.4
2 6 0.84
2 7 0.61
2 8 0.97
2 9 0.47
2 10 0.82
2 11 0.6
2 12 0.31
2 13 0.25
2 14 0.36
2 15 0.5
2 16 0.36
2 17 1.09
2 18 0.24
2 19 0.15
2 20 0.52
2 21 0.72
2 22 0.18
2 23 0.78
2 24 0.49
2 25 0.51
2 26 0.85
2 27 0.67
2 28 0.53
2 29 0.93
2 30 0.26
2 31 0.54
2 32 0.89
2 33 1.01
2 34 0.61
2 35 0.87
2 36 0.32
2 37 0.23
2 38 0.17
2 39 0.62
2 40 0.72
2 41 0.7
2 42 0.46
2 43 0.95
2 44 0.13
2 45 0.27
2 46 0.26
2 47 0.42
2 48 0.36
2 49 0.69
2 50 1.17
2 51 0.73
2 52 0.27
2 53 0.33
2 54 0.46
2 55 0.88
2 56 0.39
2 57 1.01
2 58 1.13
2 59 0.79
2 60 0.38
2 61 0.72
3 4 0.38
3 5 0.46
3 6 0.96
3 7 0.92
3 8 1.26
3 9 0.26
3 10 1.13
3 11 0.39
3 12 0.64
3 13 0.51
3 14 0.64
3 15 0.89
3 16 0.91
3 17 1.05
3 18 0.39
3 19 0.54
3 20 0.86
3 21 0.28
3 22 0.62
3 23 0.21
3 24 0.06
3 25 0.43
3 26 0.86
3 27 0.2
3 28 1.05
3 29 1.06
3 30 0.33
3 31 0.51
3 32 1.01
3 33 0.91
3 34 0.62
3 35 0.58
3 36 0.82
3 37 0.7
3 38 0.57
3 39 0.12
3 40 0.91
3 41 0.26
3 42 0.05
3 43 1.15
3 44 0.51
3 45 0.24
3 46 0.25
3 47 0.15
3 48 0.71
3 49 0.47
3 50 0.97
3 51 1.14
3 52 0.73
3 53 0.67
3 54 0.16
3 55 0.78
3 56 0.67
3 57 1.1
3 58 0.91
3 59 0.77
3 60 0.52
3 61 1.07
4 5 0.46
4 6 0.84
4 7 1.12
4 8 1.24
4 9 0.3
4 10 1.12
4 11 0.16
4 12 0.69
4 13 0.63
4 14 0.6
4 15 0.98
4 16 1.11
4 17 0.63
4 18 0.5
4 19 0.7
4 20 1.03
4 21 0.15
4 22 0.87
4 23 0.3
4 24 0.47
4 25 0.33
4 26 0.48
4 27 0.43
4 28 1.03
4 29 1.06
4 30 0.48
4 31 0.47
4 32 0.92
4 33 0.54
4 34 0.48
4 35 0.23
4 36 0.98
4 37 0.96
4 38 0.72
4 39 0.4
4 40 0.8
4 41 0.2
4 42 0.37
4 43 1.09
4 44 0.97
4 45 0.66
4 46 0.53
4 47 0.5
4 48 0.78
4 49 0.2
4 50 0.66
4 51 1.24
4 52 1
4 53 0.81
4 54 0.3
4 55 0.55
4 56 0.68
4 57 0.85
4 58 0.6
4 59 0.52
4 60 0.53
4 61 0.97
5 6 0.54
5 7 0.51
5 8 0.83
5 9 0.27
5 10 0.62
5 11 0.35
5 12 0.26
5 13 0.21
5 14 0.13
5 15 0.53
5 16 0.7
5 17 0.75
5 18 0.16
5 19 0.27
5 20 0.47
5 21 0.51
5 22 0.59
5 23 0.59
5 24 0.49
5 25 0.17
5 26 0.43
5 27 0.68
5 28 0.52
5 29 0.64
5 30 0.2
5 31 0.13
5 32 0.5
5 33 0.62
5 34 0.17
5 35 0.48
5 36 0.54
5 37 0.57
5 38 0.26
5 39 0.6
5 40 0.48
5 41 0.61
5 42 0.47
5 43 0.68
5 44 0.49
5 45 0.45
5 46 0.34
5 47 0.56
5 48 0.25
5 49 0.37
5 50 0.69
5 51 0.65
5 52 0.53
5 53 0.3
5 54 0.34
5 55 0.44
5 56 0.24
5 57 0.57
5 58 0.71
5 59 0.42
5 60 0.03
5 61 0.53
6 7 0.51
6 8 0.37
6 9 0.7
6 10 0.43
6 11 0.74
6 12 0.52
6 13 0.62
6 14 0.5
6 15 0.6
6 16 0.91
6 17 0.64
6 18 0.68
6 19 0.71
6 20 0.47
6 21 1.04
6 22 0.97
6 23 1.07
6 24 1.02
6 25 0.57
6 26 0.47
6 27 1.12
6 28 0.59
6 29 0.15
6 30 0.7
6 31 0.48
6 32 0.01
6 33 0.64
6 34 0.38
6 35 0.71
6 36 0.76
6 37 0.96
6 38 0.61
6 39 1.24
6 40 0.13
6 41 0.98
6 42 1
6 43 0.23
6 44 1.04
6 45 1
6 46 0.92
6 47 1.02
6 48 0.5
6 49 0.69
6 50 0.59
6 51 0.5
6 52 0.74
6 53 0.51
6 54 0.88
6 55 0.42
6 56 0.42
6 57 0.18
6 58 0.6
6 59 0.37
6 60 0.55
6 61 0.15
7 8 0.45
7 9 0.87
7 10 0.19
7 11 0.92
7 12 0.34
7 13 0.42
7 14 0.4
7 15 0.1
7 16 0.53
7 17 1.07
7 18 0.58
7 19 0.48
7 20 0.08
7 21 1.03
7 22 0.69
7 23 1.19
7 24 0.96
7 25 0.67
7 26 0.73
7 27 1.16
7 28 0.1
7 29 0.39
7 30 0.64
7 31 0.59
7 32 0.5
7 33 1.05
7 34 0.55
7 35 1.04
7 36 0.42
7 37 0.58
7 38 0.48
7 39 1.08
7 40 0.4
7 41 1.11
7 42 0.87
7 43 0.5
7 44 0.69
7 45 0.84
7 46 0.78
7 47 0.97
7 48 0.31
7 49 0.87
7 50 1
7 51 0.14
7 52 0.37
7 53 0.27
7 54 0.87
7 55 0.81
7 56 0.33
7 57 0.64
7 58 1.04
7 59 0.76
7 60 0.58
7 61 0.35
8 9 1.02
8 10 0.24
8 11 1.12
8 12 0.71
8 13 0.75
8 14 0.74
8 15 0.56
8 16 0.9
8 17 0.92
8 18 0.87
8 19 0.85
8 20 0.47
8 21 1.33
8 22 1.15
8 23 1.36
8 24 1.31
8 25 0.87
8 26 0.77
8 27 1.34
8 28 0.54
8 29 0.23
8 30 0.96
8 31 0.81
8 32 0.36
8 33 1.08
8 34 0.76
8 35 1.07
8 36 0.82
8 37 1.12
8 38 0.76
8 39 1.5
8 40 0.36
8 41 1.35
8 42 1.18
8 43 0.16
8 44 1.12
8 45 1.21
8 46 1.18
8 47 1.35
8 48 0.61
8 49 1.1
8 50 0.87
8 51 0.33
8 52 0.78
8 53 0.62
8 54 1.12
8 55 0.79
8 56 0.65
8 57 0.53
8 58 0.96
8 59 0.78
8 60 0.78
8 61 0.29
9 10 0.98
9 11 0.18
9 12 0.51
9 13 0.38
9 14 0.37
9 15 0.83
9 16 0.8
9 17 0.77
9 18 0.29
9 19 0.45
9 20 0.76
9 21 0.23
9 22 0.67
9 23 0.33
9 24 0.3
9 25 0.18
9 26 0.5
9 27 0.41
9 28 0.89
9 29 0.91
9 30 0.23
9 31 0.28
9 32 0.81
9 33 0.62
9 34 0.35
9 35 0.37
9 36 0.78
9 37 0.73
9 38 0.44
9 39 0.39
9 40 0.63
9 41 0.28
9 42 0.2
9 43 1.02
9 44 0.61
9 45 0.35
9 46 0.3
9 47 0.37
9 48 0.55
9 49 0.27
9 50 0.81
9 51 0.94
9 52 0.71
9 53 0.59
9 54 0.07
9 55 0.59
9 56 0.52
9 57 0.8
9 58 0.7
9 59 0.51
9 60 0.3
9 61 0.81
10 11 1.04
10 12 0.45
10 13 0.62
10 14 0.53
10 15 0.26
10 16 0.7
10 17 1
10 18 0.79
10 19 0.65
10 20 0.23
10 21 1.19
10 22 0.89
10 23 1.26
10 24 1.08
10 25 0.86
10 26 0.83
10 27 1.34
10 28 0.27
10 29 0.26
10 30 0.85
10 31 0.66
10 32 0.43
10 33 0.92
10 34 0.66
10 35 1.1
10 36 0.56
10 37 0.79
10 38 0.63
10 39 1.32
10 40 0.35
10 41 1.22
10 42 1.1
10 43 0.31
10 44 0.88
10 45 0.94
10 46 0.94
10 47 1.16
10 48 0.45
10 49 1.04
10 50 0.91
10 51 0.08
10 52 0.55
10 53 0.46
10 54 1.05
10 55 0.79
10 56 0.45
10 57 0.55
10 58 1.09
10 59 0.75
10 60 0.69
10 61 0.26
11 12 0.63
11 13 0.52
11 14 0.5
11 15 0.88
11 16 0.93
11 17 0.6
11 18 0.37
11 19 0.58
11 20 0.83
11 21 0.25
11 22 0.78
11 23 0.39
11 24 0.42
11 25 0.17
11 26 0.39
11 27 0.46
11 28 0.92
11 29 0.87
11 30 0.37
11 31 0.29
11 32 0.75
11 33 0.47
11 34 0.3
11 35 0.22
11 36 0.83
11 37 0.82
11 38 0.61
11 39 0.48
11 40 0.7
11 41 0.3
11 42 0.38
11 43 0.91
11 44 0.79
11 45 0.52
11 46 0.45
11 47 0.49
11 48 0.62
11 49 0.08
11 50 0.62
11 51 0.98
11 52 0.85
11 53 0.64
11 54 0.25
11 55 0.41
11 56 0.59
11 57 0.74
11 58 0.59
11 59 0.42
11 60 0.31
11 61 0.85
12 13 0.12
12 14 0.13
12 15 0.31
12 16 0.44
12 17 0.94
12 18 0.28
12 19 0.16
12 20 0.26
12 21 0.75
12 22 0.45
12 23 0.78
12 24 0.67
12 25 0.45
12 26 0.62
12 27 0.88
12 28 0.31
12 29 0.52
12 30 0.31
12 31 0.37
12 32 0.56
12 33 0.92
12 34 0.36
12 35 0.74
12 36 0.31
12 37 0.42
12 38 0.15
12 39 0.71
12 40 0.47
12 41 0.8
12 42 0.59
12 43 0.63
12 44 0.4
12 45 0.54
12 46 0.47
12 47 0.59
12 48 0.04
12 49 0.65
12 50 0.84
12 51 0.45
12 52 0.26
12 53 0.05
12 54 0.51
12 55 0.65
12 56 0.09
12 57 0.64
12 58 0.9
12 59 0.59
12 60 0.27
12 61 0.44
13 14 0.11
13 15 0.43
13 16 0.48
13 17 0.95
13 18 0.17
13 19 0.09
13 20 0.36
13 21 0.67
13 22 0.4
13 23 0.73
13 24 0.51
13 25 0.34
13 26 0.62
13 27 0.79
13 28 0.42
13 29 0.65
13 30 0.19
13 31 0.34
13 32 0.6
13 33 0.81
13 34 0.32
13 35 0.66
13 36 0.39
13 37 0.41
13 38 0.08
13 39 0.61
13 40 0.51
13 41 0.67
13 42 0.5
13 43 0.71
13 44 0.38
13 45 0.44
13 46 0.32
13 47 0.51
13 48 0.14
13 49 0.58
13 50 0.88
13 51 0.53
13 52 0.31
13 53 0.16
13 54 0.42
13 55 0.62
13 56 0.16
13 57 0.7
13 58 0.87
13 59 0.54
13 60 0.22
13 61 0.52
14 15 0.39
14 16 0.56
14 17 0.78
14 18 0.21
14 19 0.2
14 20 0.35
14 21 0.65
14 22 0.58
14 23 0.8
14 24 0.64
14 25 0.3
14 26 0.49
14 27 0.73
14 28 0.46
14 29 0.53
14 30 0.25
14 31 0.22
14 32 0.49
14 33 0.74
14 34 0.21
14 35 0.57
14 36 0.47
14 37 0.53
14 38 0.18
14 39 0.79
14 40 0.42
14 41 0.66
14 42 0.5
14 43 0.68
14 44 0.52
14 45 0.5
14 46 0.39
14 47 0.65
14 48 0.14
14 49 0.52
14 50 0.71
14 51 0.54
14 52 0.4
14 53 0.17
14 54 0.41
14 55 0.48
14 56 0.12
14 57 0.63
14 58 0.74
14 59 0.48
14 60 0.14
14 61 0.45
15 16 0.41
15 17 1.1
15 18 0.54
15 19 0.43
15 20 0.14
15 21 1
15 22 0.63
15 23 1.24
15 24 0.93
15 25 0.74
15 26 0.83
15 27 1.14
15 28 0.02
15 29 0.54
15 30 0.63
15 31 0.72
15 32 0.54
15 33 1.05
15 34 0.6
15 35 1.01
15 36 0.26
15 37 0.41
15 38 0.38
15 39 1.09
15 40 0.47
15 41 1.12
15 42 0.84
15 43 0.59
15 44 0.52
15 45 0.84
15 46 0.68
15 47 0.88
15 48 0.29
15 49 0.97
15 50 0.98
15 51 0.22
15 52 0.29
15 53 0.25
15 54 0.82
15 55 0.88
15 56 0.34
15 57 0.68
15 58 1.19
15 59 0.78
15 60 0.56
15 61 0.42
16 17 1.56
16 18 0.6
16 19 0.41
16 20 0.55
16 21 1.09
16 22 0.26
16 23 1.02
16 24 0.85
16 25 0.81
16 26 1.04
16 27 0.99
16 28 0.44
16 29 0.84
16 30 0.61
16 31 0.81
16 32 0.9
16 33 1.3
16 34 0.88
16 35 1.14
16 36 0.15
16 37 0.14
16 38 0.41
16 39 0.94
16 40 0.8
16 41 1.03
16 42 0.91
16 43 1.01
16 44 0.32
16 45 0.63
16 46 0.6
16 47 0.8
16 48 0.49
16 49 1.02
16 50 1.23
16 51 0.64
16 52 0.2
16 53 0.43
16 54 0.79
16 55 1.18
16 56 0.54
16 57 1.09
16 58 1.37
16 59 1.03
16 60 0.69
16 61 0.8
17 18 0.97
17 19 0.94
17 20 1.02
17 21 0.79
17 22 1.33
17 23 0.92
17 24 1.11
17 25 0.61
17 26 0.32
17 27 1
17 28 1.2
17 29 0.8
17 30 0.87
17 31 0.61
17 32 0.6
17 33 0.13
17 34 0.57
17 35 0.41
17 36 1.33
17 37 1.33
17 38 1.05
17 39 1.06
17 40 0.69
17 41 0.88
17 42 0.95
17 43 0.83
17 44 1.34
17 45 1.08
17 46 0.97
17 47 1.07
17 48 0.91
17 49 0.54
17 50 0.1
17 51 1.11
17 52 1.16
17 53 1.01
17 54 0.84
17 55 0.35
17 56 0.9
17 57 0.52
17 58 0.04
17 59 0.34
17 60 0.69
17 61 0.75
18 19 0.17
18 20 0.55
18 21 0.56
18 22 0.43
18 23 0.56
18 24 0.43
18 25 0.29
18 26 0.64
18 27 0.62
18 28 0.59
18 29 0.74
18 30 0.03
18 31 0.29
18 32 0.65
18 33 0.83
18 34 0.35
18 35 0.57
18 36 0.47
18 37 0.52
18 38 0.18
18 39 0.48
18 40 0.6
18 41 0.52
18 42 0.31
18 43 0.88
18 44 0.39
18 45 0.31
18 46 0.17
18 47 0.38
18 48 0.32
18 49 0.49
18 50 0.82
18 51 0.71
18 52 0.48
18 53 0.33
18 54 0.24
18 55 0.59
18 56 0.32
18 57 0.76
18 58 0.87
18 59 0.54
18 60 0.21
18 61 0.66
19 20 0.4
19 21 0.63
19 22 0.34
19 23 0.72
19 24 0.48
19 25 0.44
19 26 0.71
19 27 0.75
19 28 0.42
19 29 0.66
19 30 0.19
19 31 0.4
19 32 0.73
19 33 0.95
19 34 0.42
19 35 0.79
19 36 0.32
19 37 0.32
19 38 0.02
19 39 0.62
19 40 0.55
19 41 0.69
19 42 0.49
19 43 0.79
19 44 0.27
19 45 0.36
19 46 0.3
19 47 0.51
19 48 0.2
19 49 0.64
19 50 0.95
19 51 0.54
19 52 0.27
19 53 0.2
19 54 0.44
19 55 0.66
19 56 0.21
19 57 0.77
19 58 0.92
19 59 0.71
19 60 0.28
19 61 0.6
20 21 0.94
20 22 0.66
20 23 1.04
20 24 0.93
20 25 0.64
20 26 0.78
20 27 1.11
20 28 0.13
20 29 0.39
20 30 0.53
20 31 0.52
20 32 0.46
20 33 1.02
20 34 0.53
20 35 0.84
20 36 0.38
20 37 0.56
20 38 0.42
20 39 0.99
20 40 0.33
20 41 1.08
20 42 0.81
20 43 0.51
20 44 0.61
20 45 0.81
20 46 0.71
20 47 0.9
20 48 0.22
20 49 0.81
20 50 0.93
20 51 0.21
20 52 0.35
20 53 0.21
20 54 0.77
20 55 0.67
20 56 0.24
20 57 0.56
20 58 0.95
20 59 0.66
20 60 0.5
20 61 0.29
21 22 0.93
21 23 0.17
21 24 0.34
21 25 0.4
21 26 0.64
21 27 0.24
21 28 0.99
21 29 1.11
21 30 0.48
21 31 0.49
21 32 0.99
21 33 0.67
21 34 0.52
21 35 0.36
21 36 1.02
21 37 0.91
21 38 0.7
21 39 0.33
21 40 0.91
21 41 0.07
21 42 0.32
21 43 1.26
21 44 0.81
21 45 0.48
21 46 0.45
21 47 0.39
21 48 0.85
21 49 0.3
21 50 0.79
21 51 1.22
21 52 0.84
21 53 0.78
21 54 0.27
21 55 0.61
21 56 0.74
21 57 0.92
21 58 0.76
21 59 0.69
21 60 0.56
21 61 1.03
22 23 0.88
22 24 0.56
22 25 0.65
22 26 1.07
22 27 0.83
22 28 0.6
22 29 0.99
22 30 0.43
22 31 0.74
22 32 1.04
22 33 1.22
22 34 0.78
22 35 1.03
22 36 0.3
22 37 0.15
22 38 0.33
22 39 0.72
22 40 0.88
22 41 0.91
22 42 0.61
22 43 1.13
22 44 0.07
22 45 0.39
22 46 0.38
22 47 0.51
22 48 0.52
22 49 0.85
22 50 1.29
22 51 0.84
22 52 0.3
22 53 0.44
22 54 0.64
22 55 1.05
22 56 0.55
22 57 1.17
22 58 1.24
22 59 1.1
22 60 0.58
22 61 0.89
23 24 0.26
23 25 0.53
23 26 0.88
23 27 0.1
23 28 1.2
23 29 1.23
23 30 0.54
23 31 0.58
23 32 1.07
23 33 0.86
23 34 0.71
23 35 0.52
23 36 0.97
23 37 0.94
23 38 0.76
23 39 0.17
23 40 1.14
23 41 0.11
23 42 0.26
23 43 1.24
23 44 0.81
23 45 0.46
23 46 0.48
23 47 0.34
23 48 0.87
23 49 0.48
23 50 1.02
23 51 1.4
23 52 0.95
23 53 0.81
23 54 0.33
23 55 0.92
23 56 0.88
23 57 1.2
23 58 0.96
23 59 0.76
23 60 0.6
23 61 1.14
24 25 0.47
24 26 0.77
24 27 0.2
24 28 0.94
24 29 1.09
24 30 0.36
24 31 0.55
24 32 1.1
24 33 0.84
24 34 0.6
24 35 0.66
24 36 0.74
24 37 0.73
24 38 0.58
24 39 0.12
24 40 0.93
24 41 0.28
24 42 0.08
24 43 1.21
24 44 0.48
24 45 0.24
24 46 0.24
24 47 0.09
24 48 0.66
24 49 0.48
24 50 1.03
24 51 1.13
24 52 0.72
24 53 0.68
24 54 0.23
24 55 0.82
24 56 0.65
24 57 1.16
24 58 0.99
24 59 0.79
24 60 0.5
24 61 0.97
25 26 0.34
25 27 0.55
25 28 0.77
25 29 0.7
25 30 0.27
25 31 0.11
25 32 0.63
25 33 0.53
25 34 0.18
25 35 0.34
25 36 0.72
25 37 0.7
25 38 0.43
25 39 0.56
25 40 0.49
25 41 0.49
25 42 0.4
25 43 0.78
25 44 0.63
25 45 0.5
25 46 0.41
25 47 0.53
25 48 0.44
25 49 0.2
25 50 0.6
25 51 0.81
25 52 0.7
25 53 0.53
25 54 0.26
25 55 0.32
25 56 0.4
25 57 0.61
25 58 0.58
25 59 0.32
25 60 0.15
25 61 0.63
26 27 0.87
26 28 0.91
26 29 0.56
26 30 0.61
26 31 0.31
26 32 0.43
26 33 0.2
26 34 0.29
26 35 0.3
26 36 0.93
26 37 1.03
26 38 0.66
26 39 0.89
26 40 0.47
26 41 0.68
26 42 0.76
26 43 0.63
26 44 0.93
26 45 0.82
26 46 0.68
26 47 0.94
26 48 0.68
26 49 0.34
26 50 0.27
26 51 0.88
26 52 0.91
26 53 0.67
26 54 0.66
26 55 0.03
26 56 0.57
26 57 0.32
26 58 0.28
26 59 0.03
26 60 0.41
26 61 0.52
27 28 1.18
27 29 1.3
27 30 0.53
27 31 0.74
27 32 1.13
27 33 0.84
27 34 0.68
27 35 0.61
27 36 0.92
27 37 0.88
27 38 0.69
27 39 0.09
27 40 1.08
27 41 0.21
27 42 0.25
27 43 1.38
27 44 0.76
27 45 0.44
27 46 0.44
27 47 0.29
27 48 0.83
27 49 0.57
27 50 1.12
27 51 1.33
27 52 0.95
27 53 0.87
27 54 0.32
27 55 0.82
27 56 0.87
27 57 1.11
27 58 1.01
27 59 0.94
27 60 0.72
27 61 1.2
28 29 0.51
28 30 0.62
28 31 0.6
28 32 0.61
28 33 0.97
28 34 0.66
28 35 1.07
28 36 0.3
28 37 0.48
28 38 0.4
28 39 1.06
28 40 0.46
28 41 1.06
28 42 0.9
28 43 0.58
28 44 0.57
28 45 0.74
28 46 0.69
28 47 0.91
28 48 0.3
28 49 0.91
28 50 1.15
28 51 0.24
28 52 0.3
28 53 0.26
28 54 0.88
28 55 0.91
28 56 0.3
28 57 0.83
28 58 1.01
28 59 0.87
28 60 0.57
28 61 0.45
29 30 0.83
29 31 0.54
29 32 0.17
29 33 0.77
29 34 0.51
29 35 0.84
29 36 0.74
29 37 0.96
29 38 0.73
29 39 1.23
29 40 0.18
29 41 1.12
29 42 1.09
29 43 0.1
29 44 0.95
29 45 0.99
29 46 1.02
29 47 1.15
29 48 0.51
29 49 0.81
29 50 0.65
29 51 0.34
29 52 0.75
29 53 0.57
29 54 0.85
29 55 0.52
29 56 0.43
29 57 0.32
29 58 0.78
29 59 0.51
29 60 0.61
29 61 0.08
30 31 0.33
30 32 0.74
30 33 0.74
30 34 0.38
30 35 0.59
30 36 0.46
30 37 0.51
30 38 0.2
30 39 0.48
30 40 0.62
30 41 0.51
30 42 0.3
30 43 0.83
30 44 0.35
30 45 0.26
30 46 0.14
30 47 0.35
30 48 0.34
30 49 0.45
30 50 0.92
30 51 0.73
30 52 0.43
30 53 0.33
30 54 0.24
30 55 0.7
30 56 0.35
30 57 0.83
30 58 0.87
30 59 0.61
30 60 0.21
30 61 0.68
31 32 0.53
31 33 0.48
31 34 0.06
31 35 0.36
31 36 0.68
31 37 0.74
31 38 0.39
31 39 0.66
31 40 0.45
31 41 0.5
31 42 0.5
31 43 0.68
31 44 0.69
31 45 0.54
31 46 0.48
31 47 0.61
31 48 0.37
31 49 0.28
31 50 0.58
31 51 0.72
31 52 0.61
31 53 0.41
31 54 0.39
31 55 0.3
31 56 0.3
31 57 0.53
31 58 0.54
31 59 0.31
31 60 0.11
31 61 0.55
32 33 0.56
32 34 0.43
32 35 0.67
32 36 0.82
32 37 0.96
32 38 0.69
32 39 1.19
32 40 0.13
32 41 1.09
32 42 0.91
32 43 0.23
32 44 1.01
32 45 1.04
32 46 0.89
32 47 1.06
32 48 0.52
32 49 0.77
32 50 0.57
32 51 0.53
32 52 0.82
32 53 0.53
32 54 0.84
32 55 0.39
32 56 0.45
32 57 0.18
32 58 0.62
32 59 0.38
32 60 0.52
32 61 0.16
33 34 0.5
33 35 0.28
33 36 1.16
33 37 1.23
33 38 0.9
33 39 0.87
33 40 0.64
33 41 0.78
33 42 0.84
33 43 0.81
33 44 1.17
33 45 0.98
33 46 0.87
33 47 1.07
33 48 0.84
33 49 0.37
33 50 0.17
33 51 1.01
33 52 1.09
33 53 0.83
33 54 0.74
33 55 0.22
33 56 0.75
33 57 0.46
33 58 0.1
33 59 0.24
33 60 0.65
33 61 0.78
34 35 0.42
34 36 0.64
34 37 0.79
34 38 0.43
34 39 0.69
34 40 0.34
34 41 0.6
34 42 0.59
34 43 0.63
34 44 0.76
34 45 0.62
34 46 0.45
34 47 0.65
34 48 0.32
34 49 0.33
34 50 0.51
34 51 0.62
34 52 0.65
34 53 0.39
34 54 0.43
34 55 0.29
34 56 0.29
34 57 0.44
34 58 0.59
34 59 0.25
34 60 0.14
34 61 0.45
35 36 1.03
35 37 1.12
35 38 0.67
35 39 0.64
35 40 0.64
35 41 0.45
35 42 0.6
35 43 0.94
35 44 0.94
35 45 0.74
35 46 0.69
35 47 0.77
35 48 0.74
35 49 0.13
35 50 0.43
35 51 1.05
35 52 0.95
35 53 0.78
35 54 0.46
35 55 0.35
35 56 0.66
35 57 0.64
35 58 0.38
35 59 0.35
35 60 0.46
35 61 0.82
36 37 0.17
36 38 0.29
36 39 0.86
36 40 0.66
36 41 0.99
36 42 0.74
36 43 0.86
36 44 0.31
36 45 0.59
36 46 0.53
36 47 0.75
36 48 0.33
36 49 0.92
36 50 1.35
36 51 0.55
36 52 0.06
36 53 0.29
36 54 0.69
36 55 0.97
36 56 0.37
36 57 1.04
36 58 1.28
36 59 0.85
36 60 0.54
36 61 0.67
37 38 0.34
37 39 0.77
37 40 0.77
37 41 0.95
37 42 0.71
37 43 1.01
37 44 0.19
37 45 0.47
37 46 0.51
37 47 0.61
37 48 0.45
37 49 0.88
37 50 1.17
37 51 0.68
37 52 0.19
37 53 0.41
37 54 0.64
37 55 1.01
37 56 0.47
37 57 0.96
37 58 1.32
37 59 1
37 60 0.65
37 61 0.77
38 39 0.69
38 40 0.55
38 41 0.79
38 42 0.47
38 43 0.79
38 44 0.3
38 45 0.38
38 46 0.29
38 47 0.56
38 48 0.18
38 49 0.63
38 50 0.9
38 51 0.6
38 52 0.26
38 53 0.18
38 54 0.41
38 55 0.7
38 56 0.21
38 57 0.74
38 58 0.95
38 59 0.64
38 60 0.26
38 61 0.59
39 40 1.11
39 41 0.23
39 42 0.16
39 43 1.38
39 44 0.61
39 45 0.34
39 46 0.34
39 47 0.18
39 48 0.78
39 49 0.54
39 50 1.11
39 51 1.15
39 52 0.8
39 53 0.79
39 54 0.3
39 55 0.84
39 56 0.81
39 57 1.15
39 58 1.04
39 59 0.86
39 60 0.61
39 61 1.14
40 41 0.88
40 42 0.87
40 43 0.26
40 44 0.87
40 45 0.93
40 46 0.7
40 47 0.88
40 48 0.4
40 49 0.64
40 50 0.59
40 51 0.4
40 52 0.61
40 53 0.43
40 54 0.69
40 55 0.42
40 56 0.34
40 57 0.31
40 58 0.64
40 59 0.43
40 60 0.42
40 61 0.11
41 42 0.29
41 43 1.18
41 44 0.75
41 45 0.51
41 46 0.49
41 47 0.41
41 48 0.84
41 49 0.35
41 50 0.94
41 51 1.13
41 52 0.98
41 53 0.81
41 54 0.28
41 55 0.72
41 56 0.76
41 57 0.97
41 58 0.82
41 59 0.75
41 60 0.59
41 61 0.99
42 43 1.13
42 44 0.54
42 45 0.22
42 46 0.18
42 47 0.15
42 48 0.64
42 49 0.42
42 50 0.97
42 51 1.07
42 52 0.78
42 53 0.66
42 54 0.15
42 55 0.7
42 56 0.64
42 57 1.02
42 58 0.89
42 59 0.67
42 60 0.48
42 61 1.02
43 44 0.99
43 45 1.11
43 46 1.08
43 47 1.11
43 48 0.57
43 49 0.86
43 50 0.74
43 51 0.4
43 52 0.81
43 53 0.65
43 54 1.03
43 55 0.63
43 56 0.55
43 57 0.32
43 58 0.75
43 59 0.61
43 60 0.69
43 61 0.18
44 45 0.32
44 46 0.33
44 47 0.45
44 48 0.42
44 49 0.81
44 50 1.3
44 51 0.84
44 52 0.32
44 53 0.43
44 54 0.58
44 55 0.87
44 56 0.5
44 57 1.06
44 58 1.12
44 59 0.88
44 60 0.57
44 61 0.83
45 46 0.12
45 47 0.17
45 48 0.58
45 49 0.58
45 50 1.1
45 51 1.06
45 52 0.56
45 53 0.57
45 54 0.28
45 55 0.83
45 56 0.58
45 57 1.12
45 58 1.13
45 59 0.87
45 60 0.46
45 61 0.95
46 47 0.23
46 48 0.44
46 49 0.52
46 50 1.1
46 51 0.9
46 52 0.53
46 53 0.51
46 54 0.21
46 55 0.76
46 56 0.47
46 57 0.92
46 58 0.92
46 59 0.75
46 60 0.33
46 61 0.81
47 48 0.7
47 49 0.63
47 50 1.08
47 51 1.19
47 52 0.67
47 53 0.74
47 54 0.28
47 55 0.88
47 56 0.76
47 57 1.12
47 58 1.06
47 59 0.84
47 60 0.56
47 61 1.04
48 49 0.63
48 50 0.79
48 51 0.41
48 52 0.31
48 53 0.05
48 54 0.49
48 55 0.57
48 56 0.06
48 57 0.62
48 58 0.81
48 59 0.55
48 60 0.29
48 61 0.38
49 50 0.53
49 51 0.93
49 52 0.84
49 53 0.75
49 54 0.32
49 55 0.33
49 56 0.61
49 57 0.69
49 58 0.5
49 59 0.34
49 60 0.36
49 61 0.75
50 51 1.11
50 52 1.16
50 53 0.98
50 54 0.9
50 55 0.29
50 56 0.77
50 57 0.4
50 58 0.11
50 59 0.28
50 60 0.71
50 61 0.72
51 52 0.44
51 53 0.39
51 54 0.97
51 55 0.9
51 56 0.47
51 57 0.66
51 58 1.07
51 59 0.8
51 60 0.67
51 61 0.32
52 53 0.22
52 54 0.66
52 55 0.96
52 56 0.34
52 57 0.95
52 58 1.3
52 59 0.88
52 60 0.55
52 61 0.64
53 54 0.55
53 55 0.63
53 56 0.11
53 57 0.68
53 58 0.94
53 59 0.65
53 60 0.34
53 61 0.42
54 55 0.58
54 56 0.57
54 57 0.85
54 58 0.81
54 59 0.65
54 60 0.34
54 61 0.8
55 56 0.58
55 57 0.32
55 58 0.3
55 59 0.02
55 60 0.4
55 61 0.56
56 57 0.56
56 58 0.85
56 59 0.56
56 60 0.24
56 61 0.39
57 58 0.5
57 59 0.33
57 60 0.56
57 61 0.35
58 59 0.3
58 60 0.64
58 61 0.81
59 60 0.41
59 61 0.51
60 61 0.55