0 1 0.8
0 2 1.06
0 3 0.7
0 4 0.52
0 5 0.56
0 6 0.66
0 7 0.55
0 8 0.5
0 9 0.66
0 10 1.09
0 11 0.81
0 12 0.59
0 13 0.62
0 14 0.81
0 15 0.75
0 16 0.46
0 17 0.66
0 18 0.52
0 19 0.81
0 20 1.05
0 21 0.45
0 22 0.6
0 23 0.54
0 24 0.81
0 25 0.52
0 26 0.51
0 27 1.04
0 28 0.55
0 29 0.5
0 30 0.62
1 2 0.85
1 3 0.19
1 4 0.34
1 5 0.42
1 6 0.22
1 7 0.23
1 8 0.24
1 9 0.23
1 10 0.92
1 11 0.07
1 12 0.26
1 13 0.2
1 14 0.12
1 15 0.08
1 16 0.44
1 17 0.21
1 18 0.45
1 19 0.03
1 20 0.95
1 21 0.45
1 22 0.22
1 23 0.22
1 24 0.05
1 25 0.44
1 26 0.26
1 27 0.97
1 28 0.24
1 29 0.26
1 30 0.22
2 3 0.94
2 4 0.92
2 5 1.25
2 6 0.9
2 7 0.93
2 8 0.86
2 9 0.86
2 10 0.03
2 11 0.8
2 12 0.79
2 13 0.83
2 14 0.77
2 15 0.81
2 16 1.02
2 17 0.89
2 18 1.1
2 19 0.79
2 20 0.04
2 21 1.04
2 22 0.97
2 23 0.82
2 24 0.8
2 25 1.06
2 26 0.83
2 27 0.04
2 28 0.76
2 29 0.85
2 30 0.8
3 4 0.15
3 5 0.24
3 6 0.04
3 7 0.11
3 8 0.14
3 9 0.06
3 10 0.9
3 11 0.23
3 12 0.12
3 13 0.07
3 14 0.25
3 15 0.24
3 16 0.24
3 17 0.07
3 18 0.25
3 19 0.19
3 20 0.95
3 21 0.25
3 22 0.09
3 23 0.1
3 24 0.18
3 25 0.23
3 26 0.18
3 27 1
3 28 0.17
3 29 0.12
3 30 0.1
4 5 0.17
4 6 0.12
4 7 0.09
4 8 0.11
4 9 0.1
4 10 0.99
4 11 0.35
4 12 0.12
4 13 0.12
4 14 0.41
4 15 0.34
4 16 0.17
4 17 0.12
4 18 0.16
4 19 0.33
4 20 0.96
4 21 0.13
4 22 0.08
4 23 0.11
4 24 0.31
4 25 0.15
4 26 0.17
4 27 1.02
4 28 0.15
4 29 0.05
4 30 0.09
5 6 0.23
5 7 0.25
5 8 0.25
5 9 0.22
5 10 1.1
5 11 0.45
5 12 0.27
5 13 0.24
5 14 0.48
5 15 0.5
5 16 0.04
5 17 0.25
5 18 0.02
5 19 0.43
5 20 1.13
5 21 0.09
5 22 0.24
5 23 0.27
5 24 0.42
5 25 0.02
5 26 0.29
5 27 1.15
5 28 0.32
5 29 0.2
5 30 0.23
6 7 0.06
6 8 0.09
6 9 0.02
6 10 0.91
6 11 0.22
6 12 0.09
6 13 0.04
6 14 0.29
6 15 0.23
6 16 0.24
6 17 0.03
6 18 0.26
6 19 0.21
6 20 0.87
6 21 0.24
6 22 0.05
6 23 0.08
6 24 0.22
6 25 0.24
6 26 0.15
6 27 0.93
6 28 0.13
6 29 0.08
6 30 0.06
7 8 0.03
7 9 0.05
7 10 0.86
7 11 0.25
7 12 0.04
7 13 0.04
7 14 0.29
7 15 0.24
7 16 0.27
7 17 0.04
7 18 0.27
7 19 0.24
7 20 0.89
7 21 0.23
7 22 0.03
7 23 0.01
7 24 0.21
7 25 0.23
7 26 0.08
7 27 0.87
7 28 0.07
7 29 0.05
7 30 0
8 9 0.09
8 10 0.85
8 11 0.23
8 12 0.02
8 13 0.06
8 14 0.27
8 15 0.27
8 16 0.26
8 17 0.06
8 18 0.25
8 19 0.24
8 20 0.79
8 21 0.23
8 22 0.06
8 23 0.03
8 24 0.25
8 25 0.25
8 26 0.06
8 27 0.79
8 28 0.05
8 29 0.06
8 30 0.03
9 10 0.95
9 11 0.22
9 12 0.08
9 13 0.02
9 14 0.27
9 15 0.25
9 16 0.24
9 17 0.02
9 18 0.25
9 19 0.2
9 20 0.87
9 21 0.22
9 22 0.04
9 23 0.06
9 24 0.22
9 25 0.23
9 26 0.13
9 27 0.89
9 28 0.12
9 29 0.07
9 30 0.05
10 11 0.83
10 12 0.84
10 13 0.9
10 14 0.76
10 15 0.81
10 16 1.06
10 17 0.86
10 18 1.06
10 19 0.84
10 20 0.02
10 21 1.18
10 22 0.94
10 23 0.85
10 24 0.93
10 25 1.07
10 26 0.86
10 27 0.01
10 28 0.86
10 29 0.93
10 30 0.97
11 12 0.24
11 13 0.23
11 14 0.05
11 15 0.02
11 16 0.52
11 17 0.2
11 18 0.47
11 19 0.05
11 20 0.81
11 21 0.49
11 22 0.26
11 23 0.22
11 24 0.02
11 25 0.45
11 26 0.25
11 27 0.8
11 28 0.24
11 29 0.27
11 30 0.24
12 13 0.06
12 14 0.25
12 15 0.25
12 16 0.32
12 17 0.06
12 18 0.28
12 19 0.22
12 20 0.9
12 21 0.24
12 22 0.07
12 23 0.03
12 24 0.21
12 25 0.27
12 26 0.05
12 27 0.83
12 28 0.04
12 29 0.07
12 30 0.03
13 14 0.23
13 15 0.24
13 16 0.29
13 17 0
13 18 0.26
13 19 0.2
13 20 0.95
13 21 0.24
13 22 0.04
13 23 0.04
13 24 0.21
13 25 0.26
13 26 0.11
13 27 0.91
13 28 0.1
13 29 0.07
13 30 0.04
14 15 0.03
14 16 0.53
14 17 0.24
14 18 0.5
14 19 0.09
14 20 0.76
14 21 0.49
14 22 0.28
14 23 0.26
14 24 0.07
14 25 0.47
14 26 0.26
14 27 0.88
14 28 0.28
14 29 0.31
14 30 0.28
15 16 0.48
15 17 0.21
15 18 0.44
15 19 0.06
15 20 0.84
15 21 0.47
15 22 0.25
15 23 0.25
15 24 0.04
15 25 0.46
15 26 0.24
15 27 0.75
15 28 0.25
15 29 0.28
15 30 0.24
16 17 0.28
16 18 0.01
16 19 0.45
16 20 1.19
16 21 0.07
16 22 0.22
16 23 0.27
16 24 0.45
16 25 0.03
16 26 0.33
16 27 1.21
16 28 0.31
16 29 0.22
16 30 0.27
17 18 0.26
17 19 0.19
17 20 0.93
17 21 0.24
17 22 0.04
17 23 0.04
17 24 0.2
17 25 0.25
17 26 0.11
17 27 0.89
17 28 0.1
17 29 0.07
17 30 0.04
18 19 0.47
18 20 1.11
18 21 0.07
18 22 0.22
18 23 0.26
18 24 0.5
18 25 0.02
18 26 0.33
18 27 1.08
18 28 0.3
18 29 0.19
18 30 0.28
19 20 0.91
19 21 0.46
19 22 0.24
19 23 0.23
19 24 0.03
19 25 0.46
19 26 0.23
19 27 0.98
19 28 0.24
19 29 0.27
19 30 0.23
20 21 1.17
20 22 1
20 23 0.85
20 24 0.92
20 25 1.1
20 26 0.73
20 27 0.02
20 28 0.79
20 29 0.88
20 30 0.84
21 22 0.23
21 23 0.24
21 24 0.44
21 25 0.08
21 26 0.28
21 27 1.11
21 28 0.27
21 29 0.19
21 30 0.23
22 23 0.05
22 24 0.24
22 25 0.21
22 26 0.12
22 27 1
22 28 0.1
22 29 0.03
22 30 0.03
23 24 0.22
23 25 0.28
23 26 0.07
23 27 0.85
23 28 0.06
23 29 0.05
23 30 0.01
24 25 0.42
24 26 0.24
24 27 0.83
24 28 0.25
24 29 0.28
24 30 0.21
25 26 0.31
25 27 1.1
25 28 0.32
25 29 0.2
25 30 0.24
26 27 0.76
26 28 0.01
26 29 0.12
26 30 0.09
27 28 0.85
27 29 0.92
27 30 0.87
28 29 0.11
28 30 0.07
29 30 0.05