0 1 0.58
0 2 0.72
0 3 0.39
0 4 1.04
0 5 0.72
0 6 0.34
0 7 0.68
0 8 0.97
0 9 0.32
0 10 0.57
0 11 0.33
0 12 0.79
0 13 0.6
0 14 0.35
0 15 0.56
0 16 0.27
0 17 0.95
0 18 1
0 19 0.33
0 20 0.65
0 21 0.37
0 22 0.3
0 23 0.88
0 24 0.81
0 25 0.72
0 26 0.23
0 27 0.69
0 28 0.44
0 29 0.86
0 30 0.95
0 31 0.29
0 32 0.41
0 33 0.88
0 34 0.86
0 35 0.73
0 36 0.81
0 37 0.68
1 2 0.24
1 3 0.26
1 4 1.1
1 5 1.01
1 6 0.42
1 7 0.99
1 8 1.27
1 9 0.45
1 10 0.03
1 11 0.29
1 12 1.13
1 13 0.17
1 14 0.24
1 15 0.06
1 16 0.39
1 17 1.23
1 18 1.02
1 19 0.44
1 20 0.1
1 21 0.27
1 22 0.34
1 23 1
1 24 1.1
1 25 0.9
1 26 0.41
1 27 1
1 28 0.18
1 29 1.1
1 30 0.92
1 31 0.47
1 32 0.23
1 33 1.05
1 34 1.15
1 35 0.24
1 36 1.15
1 37 0.22
2 3 0.27
2 4 0.84
2 5 0.89
2 6 0.41
2 7 0.8
2 8 1.1
2 9 0.41
2 10 0.3
2 11 0.39
2 12 0.96
2 13 0.11
2 14 0.4
2 15 0.31
2 16 0.47
2 17 1.04
2 18 0.84
2 19 0.44
2 20 0.38
2 21 0.4
2 22 0.37
2 23 0.74
2 24 1.09
2 25 0.72
2 26 0.45
2 27 0.84
2 28 0.33
2 29 0.95
2 30 0.64
2 31 0.47
2 32 0.33
2 33 0.75
2 34 0.98
2 35 0.07
2 36 0.98
2 37 0.04
3 4 0.84
3 5 0.76
3 6 0.17
3 7 0.71
3 8 0.94
3 9 0.17
3 10 0.27
3 11 0.07
3 12 0.78
3 13 0.21
3 14 0.14
3 15 0.25
3 16 0.18
3 17 1.04
3 18 0.86
3 19 0.17
3 20 0.33
3 21 0.11
3 22 0.12
3 23 0.83
3 24 0.89
3 25 0.65
3 26 0.2
3 27 0.65
3 28 0.07
3 29 0.88
3 30 0.75
3 31 0.23
3 32 0.03
3 33 0.78
3 34 0.88
3 35 0.34
3 36 0.97
3 37 0.26
4 5 0.35
4 6 0.71
4 7 0.37
4 8 0.31
4 9 0.74
4 10 1.08
4 11 0.88
4 12 0.33
4 13 0.95
4 14 0.93
4 15 1.13
4 16 0.87
4 17 0.4
4 18 0.07
4 19 0.78
4 20 1.09
4 21 0.97
4 22 0.87
4 23 0.09
4 24 0.37
4 25 0.36
4 26 0.82
4 27 0.34
4 28 1.02
4 29 0.31
4 30 0.31
4 31 0.81
4 32 0.83
4 33 0.07
4 34 0.33
4 35 0.98
4 36 0.39
4 37 0.85
5 6 0.58
5 7 0.05
5 8 0.23
5 9 0.54
5 10 0.99
5 11 0.64
5 12 0.17
5 13 0.79
5 14 0.79
5 15 0.83
5 16 0.62
5 17 0.25
5 18 0.28
5 19 0.52
5 20 0.99
5 21 0.76
5 22 0.67
5 23 0.28
5 24 0.19
5 25 0.04
5 26 0.6
5 27 0.02
5 28 0.74
5 29 0.17
5 30 0.42
5 31 0.56
5 32 0.69
5 33 0.29
5 34 0.21
5 35 0.91
5 36 0.26
5 37 0.78
6 7 0.52
6 8 0.73
6 9 0.03
6 10 0.43
6 11 0.18
6 12 0.66
6 13 0.35
6 14 0.27
6 15 0.43
6 16 0.11
6 17 0.78
6 18 0.62
6 19 0.02
6 20 0.52
6 21 0.22
6 22 0.11
6 23 0.63
6 24 0.7
6 25 0.48
6 26 0.14
6 27 0.51
6 28 0.23
6 29 0.63
6 30 0.62
6 31 0.09
6 32 0.2
6 33 0.72
6 34 0.69
6 35 0.46
6 36 0.77
6 37 0.37
7 8 0.26
7 9 0.54
7 10 1
7 11 0.66
7 12 0.18
7 13 0.75
7 14 0.8
7 15 0.89
7 16 0.58
7 17 0.27
7 18 0.33
7 19 0.49
7 20 0.96
7 21 0.76
7 22 0.59
7 23 0.32
7 24 0.17
7 25 0.04
7 26 0.61
7 27 0.03
7 28 0.72
7 29 0.17
7 30 0.53
7 31 0.51
7 32 0.66
7 33 0.33
7 34 0.2
7 35 0.84
7 36 0.25
7 37 0.83
8 9 0.79
8 10 1.18
8 11 0.94
8 12 0.08
8 13 0.98
8 14 1.09
8 15 1.18
8 16 0.78
8 17 0.09
8 18 0.34
8 19 0.77
8 20 1.15
8 21 0.89
8 22 0.87
8 23 0.35
8 24 0.08
8 25 0.27
8 26 0.76
8 27 0.24
8 28 0.96
8 29 0.07
8 30 0.59
8 31 0.72
8 32 0.94
8 33 0.34
8 34 0.05
8 35 1.12
8 36 0.08
8 37 0.99
9 10 0.42
9 11 0.16
9 12 0.67
9 13 0.35
9 14 0.22
9 15 0.37
9 16 0.07
9 17 0.75
9 18 0.69
9 19 0.01
9 20 0.5
9 21 0.2
9 22 0.1
9 23 0.68
9 24 0.69
9 25 0.54
9 26 0.1
9 27 0.53
9 28 0.22
9 29 0.65
9 30 0.66
9 31 0.06
9 32 0.18
9 33 0.69
9 34 0.69
9 35 0.48
9 36 0.75
9 37 0.39
10 11 0.3
10 12 1.23
10 13 0.2
10 14 0.23
10 15 0.05
10 16 0.44
10 17 1.28
10 18 1.11
10 19 0.42
10 20 0.07
10 21 0.27
10 22 0.38
10 23 0.96
10 24 1.16
10 25 0.89
10 26 0.46
10 27 0.88
10 28 0.21
10 29 1.09
10 30 0.96
10 31 0.48
10 32 0.27
10 33 1.05
10 34 1.18
10 35 0.27
10 36 1.25
10 37 0.27
11 12 0.92
11 13 0.24
11 14 0.09
11 15 0.27
11 16 0.13
11 17 0.92
11 18 0.82
11 19 0.16
11 20 0.32
11 21 0.06
11 22 0.06
11 23 0.75
11 24 0.88
11 25 0.67
11 26 0.13
11 27 0.63
11 28 0.08
11 29 0.92
11 30 0.77
11 31 0.19
11 32 0.05
11 33 0.78
11 34 0.92
11 35 0.4
11 36 0.9
11 37 0.35
12 13 0.99
12 14 0.98
12 15 1.12
12 16 0.79
12 17 0.11
12 18 0.33
12 19 0.75
12 20 1.2
12 21 0.92
12 22 0.8
12 23 0.31
12 24 0.02
12 25 0.18
12 26 0.75
12 27 0.17
12 28 0.92
12 29 0.01
12 30 0.53
12 31 0.67
12 32 0.86
12 33 0.35
12 34 0.04
12 35 1.04
12 36 0.09
12 37 1
13 14 0.28
13 15 0.21
13 16 0.4
13 17 1.16
13 18 0.95
13 19 0.37
13 20 0.26
13 21 0.3
13 22 0.31
13 23 0.76
13 24 0.95
13 25 0.77
13 26 0.42
13 27 0.79
13 28 0.2
13 29 0.98
13 30 0.65
13 31 0.41
13 32 0.23
13 33 0.87
13 34 0.97
13 35 0.13
13 36 1.03
13 37 0.08
14 15 0.2
14 16 0.2
14 17 1.04
14 18 0.92
14 19 0.26
14 20 0.24
14 21 0.03
14 22 0.16
14 23 0.89
14 24 0.92
14 25 0.77
14 26 0.2
14 27 0.76
14 28 0.08
14 29 1.04
14 30 0.93
14 31 0.26
14 32 0.11
14 33 0.92
14 34 1.02
14 35 0.36
14 36 0.99
14 37 0.37
15 16 0.41
15 17 1.28
15 18 0.98
15 19 0.38
15 20 0.08
15 21 0.2
15 22 0.32
15 23 0.98
15 24 1.01
15 25 0.94
15 26 0.37
15 27 0.9
15 28 0.18
15 29 1.01
15 30 0.87
15 31 0.45
15 32 0.21
15 33 1.04
15 34 1.12
15 35 0.31
15 36 1.14
15 37 0.27
16 17 0.86
16 18 0.82
16 19 0.08
16 20 0.46
16 21 0.17
16 22 0.06
16 23 0.76
16 24 0.81
16 25 0.56
16 26 0.03
16 27 0.58
16 28 0.22
16 29 0.74
16 30 0.69
16 31 0.07
16 32 0.15
16 33 0.74
16 34 0.79
16 35 0.5
16 36 0.76
16 37 0.45
17 18 0.37
17 19 0.75
17 20 1.17
17 21 0.96
17 22 0.89
17 23 0.43
17 24 0.09
17 25 0.28
17 26 0.87
17 27 0.27
17 28 1.02
17 29 0.09
17 30 0.67
17 31 0.77
17 32 0.94
17 33 0.44
17 34 0.07
17 35 1.11
17 36 0.02
17 37 1.07
18 19 0.7
18 20 1.04
18 21 0.86
18 22 0.77
18 23 0.02
18 24 0.35
18 25 0.31
18 26 0.8
18 27 0.31
18 28 0.88
18 29 0.32
18 30 0.25
18 31 0.79
18 32 0.86
18 33 0
18 34 0.32
18 35 0.92
18 36 0.42
18 37 0.75
19 20 0.5
19 21 0.2
19 22 0.11
19 23 0.68
19 24 0.7
19 25 0.56
19 26 0.12
19 27 0.54
19 28 0.24
19 29 0.71
19 30 0.65
19 31 0.07
19 32 0.2
19 33 0.69
19 34 0.71
19 35 0.5
19 36 0.72
19 37 0.42
20 21 0.3
20 22 0.4
20 23 0.99
20 24 1.16
20 25 0.93
20 26 0.41
20 27 0.97
20 28 0.26
20 29 1.18
20 30 1
20 31 0.52
20 32 0.28
20 33 1.01
20 34 1.22
20 35 0.31
20 36 1.22
20 37 0.35
21 22 0.12
21 23 0.88
21 24 0.87
21 25 0.67
21 26 0.16
21 27 0.8
21 28 0.07
21 29 0.93
21 30 0.84
21 31 0.24
21 32 0.07
21 33 0.9
21 34 0.99
21 35 0.38
21 36 1
21 37 0.34
22 23 0.78
22 24 0.84
22 25 0.62
22 26 0.07
22 27 0.66
22 28 0.14
22 29 0.77
22 30 0.7
22 31 0.11
22 32 0.11
22 33 0.84
22 34 0.84
22 35 0.45
22 36 0.88
22 37 0.38
23 24 0.34
23 25 0.28
23 26 0.84
23 27 0.29
23 28 0.78
23 29 0.35
23 30 0.23
23 31 0.72
23 32 0.77
23 33 0.02
23 34 0.34
23 35 0.83
23 36 0.4
23 37 0.76
24 25 0.21
24 26 0.78
24 27 0.2
24 28 0.95
24 29 0.01
24 30 0.58
24 31 0.65
24 32 0.83
24 33 0.36
24 34 0.02
24 35 1.01
24 36 0.08
24 37 0.92
25 26 0.6
25 27 0.02
25 28 0.75
25 29 0.2
25 30 0.46
25 31 0.51
25 32 0.7
25 33 0.33
25 34 0.23
25 35 0.89
25 36 0.29
25 37 0.84
26 27 0.61
26 28 0.2
26 29 0.75
26 30 0.73
26 31 0.08
26 32 0.17
26 33 0.84
26 34 0.81
26 35 0.52
26 36 0.75
26 37 0.43
27 28 0.72
27 29 0.18
27 30 0.48
27 31 0.53
27 32 0.67
27 33 0.3
27 34 0.19
27 35 0.82
27 36 0.24
27 37 0.77
28 29 0.93
28 30 0.82
28 31 0.28
28 32 0.05
28 33 0.92
28 34 0.91
28 35 0.34
28 36 0.95
28 37 0.28
29 30 0.58
29 31 0.67
29 32 0.91
29 33 0.34
29 34 0.02
29 35 1
29 36 0.08
29 37 1.05
30 31 0.66
30 32 0.69
30 33 0.26
30 34 0.57
30 35 0.66
30 36 0.66
30 37 0.63
31 32 0.21
31 33 0.65
31 34 0.77
31 35 0.49
31 36 0.69
31 37 0.47
32 33 0.82
32 34 0.92
32 35 0.36
32 36 0.9
32 37 0.27
33 34 0.33
33 35 0.94
33 36 0.42
33 37 0.82
34 35 1.01
34 36 0.06
34 37 1.02
35 36 1.04
35 37 0.08
36 37 1.02