0 1 0.7
0 2 0.73
0 3 0.48
0 4 0.11
0 5 0.27
0 6 0.78
0 7 0.59
0 8 0.63
0 9 0.5
0 10 0.64
0 11 0.43
0 12 0.7
0 13 0.51
0 14 0.82
0 15 0.67
0 16 0.65
0 17 0.59
0 18 0.45
0 19 0.7
0 20 0.19
0 21 0.22
0 22 0.72
0 23 0.75
0 24 0.84
0 25 0.2
0 26 0.51
0 27 0.16
0 28 0.77
0 29 0.19
0 30 0.41
0 31 0.68
0 32 0.2
0 33 0.17
0 34 0.59
0 35 0.14
0 36 0.69
0 37 0.91
0 38 0.64
0 39 0.59
0 40 0.21
0 41 0.12
0 42 0.6
1 2 0.08
1 3 0.66
1 4 0.77
1 5 0.68
1 6 0.45
1 7 0.2
1 8 0.1
1 9 0.31
1 10 0.17
1 11 0.7
1 12 0.12
1 13 0.72
1 14 0.29
1 15 0.16
1 16 0.18
1 17 0.26
1 18 0.56
1 19 0.29
1 20 0.77
1 21 0.78
1 22 0.53
1 23 0.06
1 24 0.54
1 25 0.84
1 26 0.35
1 27 0.78
1 28 0.26
1 29 0.89
1 30 0.75
1 31 0.14
1 32 0.79
1 33 0.73
1 34 0.24
1 35 0.82
1 36 0.14
1 37 0.13
1 38 0.13
1 39 0.24
1 40 0.9
1 41 0.83
1 42 0.25
2 3 0.59
2 4 0.71
2 5 0.69
2 6 0.42
2 7 0.12
2 8 0.02
2 9 0.22
2 10 0.11
2 11 0.67
2 12 0.04
2 13 0.62
2 14 0.3
2 15 0.08
2 16 0.11
2 17 0.18
2 18 0.56
2 19 0.31
2 20 0.77
2 21 0.71
2 22 0.45
2 23 0.04
2 24 0.44
2 25 0.87
2 26 0.26
2 27 0.8
2 28 0.33
2 29 0.74
2 30 0.73
2 31 0.05
2 32 0.8
2 33 0.63
2 34 0.15
2 35 0.76
2 36 0.06
2 37 0.22
2 38 0.05
2 39 0.16
2 40 0.87
2 41 0.84
2 42 0.18
3 4 0.39
3 5 0.62
3 6 0.39
3 7 0.45
3 8 0.52
3 9 0.34
3 10 0.52
3 11 0.05
3 12 0.55
3 13 0.08
3 14 0.78
3 15 0.45
3 16 0.45
3 17 0.4
3 18 0.8
3 19 0.8
3 20 0.63
3 21 0.65
3 22 0.35
3 23 0.64
3 24 0.42
3 25 0.42
3 26 0.29
3 27 0.41
3 28 0.81
3 29 0.35
3 30 0.1
3 31 0.51
3 32 0.35
3 33 0.6
3 34 0.39
3 35 0.38
3 36 0.5
3 37 0.79
3 38 0.5
3 39 0.4
3 40 0.44
3 41 0.4
3 42 0.37
4 5 0.38
4 6 0.75
4 7 0.57
4 8 0.73
4 9 0.48
4 10 0.61
4 11 0.4
4 12 0.67
4 13 0.42
4 14 0.77
4 15 0.61
4 16 0.66
4 17 0.56
4 18 0.56
4 19 0.84
4 20 0.34
4 21 0.34
4 22 0.68
4 23 0.69
4 24 0.75
4 25 0.1
4 26 0.55
4 27 0.08
4 28 0.8
4 29 0.1
4 30 0.38
4 31 0.65
4 32 0.1
4 33 0.26
4 34 0.56
4 35 0.05
4 36 0.66
4 37 0.87
4 38 0.66
4 39 0.57
4 40 0.12
4 41 0.07
4 42 0.58
5 6 0.89
5 7 0.65
5 8 0.68
5 9 0.56
5 10 0.59
5 11 0.65
5 12 0.64
5 13 0.78
5 14 0.59
5 15 0.69
5 16 0.65
5 17 0.62
5 18 0.28
5 19 0.59
5 20 0.12
5 21 0.06
5 22 0.95
5 23 0.69
5 24 0.92
5 25 0.48
5 26 0.6
5 27 0.44
5 28 0.6
5 29 0.48
5 30 0.68
5 31 0.67
5 32 0.43
5 33 0.1
5 34 0.58
5 35 0.42
5 36 0.74
5 37 0.84
5 38 0.69
5 39 0.6
5 40 0.41
5 41 0.39
5 42 0.65
6 7 0.34
6 8 0.35
6 9 0.35
6 10 0.36
6 11 0.41
6 12 0.35
6 13 0.4
6 14 0.72
6 15 0.32
6 16 0.33
6 17 0.32
6 18 0.81
6 19 0.68
6 20 0.94
6 21 0.94
6 22 0.11
6 23 0.37
6 24 0.06
6 25 0.81
6 26 0.28
6 27 0.75
6 28 0.63
6 29 0.74
6 30 0.46
6 31 0.33
6 32 0.79
6 33 0.85
6 34 0.32
6 35 0.84
6 36 0.3
6 37 0.52
6 38 0.37
6 39 0.35
6 40 0.85
6 41 0.82
6 42 0.27
7 8 0.11
7 9 0.09
7 10 0.05
7 11 0.49
7 12 0.09
7 13 0.52
7 14 0.39
7 15 0.06
7 16 0.04
7 17 0.05
7 18 0.51
7 19 0.4
7 20 0.67
7 21 0.65
7 22 0.43
7 23 0.17
7 24 0.4
7 25 0.7
7 26 0.13
7 27 0.62
7 28 0.39
7 29 0.65
7 30 0.55
7 31 0.08
7 32 0.67
7 33 0.57
7 34 0.05
7 35 0.71
7 36 0.1
7 37 0.35
7 38 0.08
7 39 0.05
7 40 0.73
7 41 0.67
7 42 0.1
8 9 0.19
8 10 0.09
8 11 0.59
8 12 0.03
8 13 0.62
8 14 0.35
8 15 0.06
8 16 0.09
8 17 0.17
8 18 0.55
8 19 0.33
8 20 0.81
8 21 0.7
8 22 0.49
8 23 0.05
8 24 0.4
8 25 0.83
8 26 0.24
8 27 0.74
8 28 0.37
8 29 0.73
8 30 0.7
8 31 0.04
8 32 0.79
8 33 0.73
8 34 0.15
8 35 0.71
8 36 0.05
8 37 0.22
8 38 0.03
8 39 0.14
8 40 0.77
8 41 0.81
8 42 0.17
9 10 0.11
9 11 0.45
9 12 0.17
9 13 0.48
9 14 0.45
9 15 0.15
9 16 0.12
9 17 0.07
9 18 0.44
9 19 0.39
9 20 0.56
9 21 0.53
9 22 0.4
9 23 0.24
9 24 0.45
9 25 0.6
9 26 0.11
9 27 0.59
9 28 0.42
9 29 0.59
9 30 0.48
9 31 0.16
9 32 0.58
9 33 0.48
9 34 0.1
9 35 0.54
9 36 0.21
9 37 0.42
9 38 0.17
9 39 0.08
9 40 0.63
9 41 0.57
9 42 0.1
10 11 0.54
10 12 0.07
10 13 0.53
10 14 0.33
10 15 0.06
10 16 0.06
10 17 0.09
10 18 0.45
10 19 0.33
10 20 0.68
10 21 0.63
10 22 0.44
10 23 0.13
10 24 0.44
10 25 0.66
10 26 0.17
10 27 0.67
10 28 0.37
10 29 0.71
10 30 0.55
10 31 0.06
10 32 0.74
10 33 0.6
10 34 0.09
10 35 0.62
10 36 0.11
10 37 0.29
10 38 0.08
10 39 0.09
10 40 0.71
10 41 0.69
10 42 0.15
11 12 0.58
11 13 0.05
11 14 0.8
11 15 0.57
11 16 0.51
11 17 0.46
11 18 0.7
11 19 0.81
11 20 0.64
11 21 0.63
11 22 0.34
11 23 0.66
11 24 0.41
11 25 0.41
11 26 0.33
11 27 0.4
11 28 0.82
11 29 0.34
11 30 0.05
11 31 0.51
11 32 0.41
11 33 0.57
11 34 0.42
11 35 0.44
11 36 0.56
11 37 0.84
11 38 0.53
11 39 0.46
11 40 0.43
11 41 0.44
11 42 0.43
12 13 0.56
12 14 0.32
12 15 0.04
12 16 0.07
12 17 0.13
12 18 0.5
12 19 0.34
12 20 0.72
12 21 0.65
12 22 0.42
12 23 0.07
12 24 0.39
12 25 0.79
12 26 0.2
12 27 0.78
12 28 0.33
12 29 0.73
12 30 0.61
12 31 0.01
12 32 0.76
12 33 0.71
12 34 0.1
12 35 0.72
12 36 0.05
12 37 0.26
12 38 0.01
12 39 0.13
12 40 0.84
12 41 0.7
12 42 0.15
13 14 0.82
13 15 0.53
13 16 0.52
13 17 0.48
13 18 0.82
13 19 0.95
13 20 0.65
13 21 0.76
13 22 0.34
13 23 0.61
13 24 0.41
13 25 0.42
13 26 0.4
13 27 0.4
13 28 0.81
13 29 0.35
13 30 0.07
13 31 0.6
13 32 0.39
13 33 0.63
13 34 0.5
13 35 0.48
13 36 0.53
13 37 0.87
13 38 0.66
13 39 0.48
13 40 0.46
13 41 0.47
13 42 0.46
14 15 0.37
14 16 0.41
14 17 0.45
14 18 0.36
14 19 0.04
14 20 0.7
14 21 0.67
14 22 0.77
14 23 0.32
14 24 0.75
14 25 0.93
14 26 0.54
14 27 0.91
14 28 0.02
14 29 0.9
14 30 0.85
14 31 0.37
14 32 0.97
14 33 0.74
14 34 0.4
14 35 0.88
14 36 0.41
14 37 0.25
14 38 0.35
14 39 0.4
14 40 0.99
14 41 0.84
14 42 0.44
15 16 0.03
15 17 0.1
15 18 0.55
15 19 0.4
15 20 0.66
15 21 0.68
15 22 0.39
15 23 0.11
15 24 0.38
15 25 0.69
15 26 0.18
15 27 0.71
15 28 0.39
15 29 0.67
15 30 0.61
15 31 0.04
15 32 0.74
15 33 0.61
15 34 0.08
15 35 0.67
15 36 0.05
15 37 0.29
15 38 0.03
15 39 0.08
15 40 0.74
15 41 0.76
15 42 0.12
16 17 0.08
16 18 0.48
16 19 0.42
16 20 0.74
16 21 0.67
16 22 0.38
16 23 0.15
16 24 0.38
16 25 0.66
16 26 0.16
16 27 0.68
16 28 0.38
16 29 0.67
16 30 0.59
16 31 0.05
16 32 0.73
16 33 0.61
16 34 0.05
16 35 0.63
16 36 0.07
16 37 0.33
16 38 0.06
16 39 0.06
16 40 0.76
16 41 0.64
16 42 0.09
17 18 0.46
17 19 0.46
17 20 0.67
17 21 0.66
17 22 0.38
17 23 0.21
17 24 0.38
17 25 0.6
17 26 0.08
17 27 0.59
17 28 0.42
17 29 0.59
17 30 0.45
17 31 0.12
17 32 0.65
17 33 0.55
17 34 0.03
17 35 0.57
17 36 0.14
17 37 0.4
17 38 0.14
17 39 0.02
17 40 0.66
17 41 0.64
17 42 0.06
18 19 0.35
18 20 0.43
18 21 0.32
18 22 0.82
18 23 0.56
18 24 0.84
18 25 0.73
18 26 0.52
18 27 0.7
18 28 0.38
18 29 0.66
18 30 0.85
18 31 0.49
18 32 0.7
18 33 0.33
18 34 0.54
18 35 0.6
18 36 0.53
18 37 0.63
18 38 0.53
18 39 0.5
18 40 0.69
18 41 0.61
18 42 0.54
19 20 0.7
19 21 0.65
19 22 0.84
19 23 0.33
19 24 0.71
19 25 0.9
19 26 0.47
19 27 0.93
19 28 0.06
19 29 0.89
19 30 0.91
19 31 0.34
19 32 0.89
19 33 0.66
19 34 0.42
19 35 0.93
19 36 0.37
19 37 0.28
19 38 0.37
19 39 0.42
19 40 0.96
19 41 0.88
19 42 0.47
20 21 0.07
20 22 0.83
20 23 0.79
20 24 0.92
20 25 0.38
20 26 0.65
20 27 0.35
20 28 0.77
20 29 0.39
20 30 0.64
20 31 0.7
20 32 0.37
20 33 0.1
20 34 0.71
20 35 0.31
20 36 0.8
20 37 0.9
20 38 0.68
20 39 0.69
20 40 0.35
20 41 0.28
20 42 0.73
21 22 0.87
21 23 0.75
21 24 0.96
21 25 0.44
21 26 0.64
21 27 0.41
21 28 0.75
21 29 0.44
21 30 0.71
21 31 0.65
21 32 0.42
21 33 0.08
21 34 0.62
21 35 0.36
21 36 0.8
21 37 0.86
21 38 0.76
21 39 0.66
21 40 0.41
21 41 0.36
21 42 0.62
22 23 0.49
22 24 0.07
22 25 0.74
22 26 0.29
22 27 0.71
22 28 0.78
22 29 0.71
22 30 0.4
22 31 0.46
22 32 0.67
22 33 0.78
22 34 0.37
22 35 0.8
22 36 0.38
22 37 0.61
22 38 0.45
22 39 0.37
22 40 0.79
22 41 0.75
22 42 0.3
23 24 0.46
23 25 0.79
23 26 0.28
23 27 0.85
23 28 0.3
23 29 0.8
23 30 0.68
23 31 0.09
23 32 0.82
23 33 0.72
23 34 0.19
23 35 0.84
23 36 0.1
23 37 0.18
23 38 0.08
23 39 0.2
23 40 0.85
23 41 0.88
23 42 0.25
24 25 0.83
24 26 0.31
24 27 0.79
24 28 0.72
24 29 0.8
24 30 0.48
24 31 0.41
24 32 0.79
24 33 0.84
24 34 0.38
24 35 0.77
24 36 0.38
24 37 0.59
24 38 0.4
24 39 0.4
24 40 0.9
24 41 0.85
24 42 0.31
25 26 0.55
25 27 0.03
25 28 0.93
25 29 0.05
25 30 0.38
25 31 0.73
25 32 0.02
25 33 0.36
25 34 0.67
25 35 0.06
25 36 0.8
25 37 1.01
25 38 0.77
25 39 0.66
25 40 0.06
25 41 0.07
25 42 0.71
26 27 0.56
26 28 0.53
26 29 0.53
26 30 0.39
26 31 0.19
26 32 0.55
26 33 0.6
26 34 0.09
26 35 0.59
26 36 0.22
26 37 0.5
26 38 0.21
26 39 0.1
26 40 0.63
26 41 0.59
26 42 0.06
27 28 0.95
27 29 0.05
27 30 0.39
27 31 0.75
27 32 0.03
27 33 0.35
27 34 0.64
27 35 0.04
27 36 0.75
27 37 1.02
27 38 0.84
27 39 0.7
27 40 0.06
27 41 0.04
27 42 0.61
28 29 0.87
28 30 0.89
28 31 0.36
28 32 0.9
28 33 0.73
28 34 0.45
28 35 0.85
28 36 0.4
28 37 0.23
28 38 0.36
28 39 0.42
28 40 1.01
28 41 0.97
28 42 0.5
29 30 0.31
29 31 0.77
29 32 0.03
29 33 0.37
29 34 0.65
29 35 0.07
29 36 0.69
29 37 0.98
29 38 0.72
29 39 0.64
29 40 0.1
29 41 0.09
29 42 0.55
30 31 0.6
30 32 0.33
30 33 0.57
30 34 0.51
30 35 0.41
30 36 0.58
30 37 0.84
30 38 0.57
30 39 0.46
30 40 0.43
30 41 0.39
30 42 0.43
31 32 0.7
31 33 0.66
31 34 0.1
31 35 0.66
31 36 0.06
31 37 0.27
31 38 0.02
31 39 0.12
31 40 0.85
31 41 0.81
31 42 0.15
32 33 0.35
32 34 0.71
32 35 0.06
32 36 0.79
32 37 1.01
32 38 0.81
32 39 0.63
32 40 0.08
32 41 0.07
32 42 0.67
33 34 0.55
33 35 0.33
33 36 0.74
33 37 0.83
33 38 0.62
33 39 0.6
33 40 0.32
33 41 0.32
33 42 0.55
34 35 0.62
34 36 0.1
34 37 0.36
34 38 0.1
34 39 0.01
34 40 0.65
34 41 0.7
34 42 0.05
35 36 0.68
35 37 0.89
35 38 0.76
35 39 0.64
35 40 0.08
35 41 0.03
35 42 0.6
36 37 0.25
36 38 0.04
36 39 0.12
36 40 0.74
36 41 0.7
36 42 0.13
37 38 0.26
37 39 0.39
37 40 0.96
37 41 1.07
37 42 0.43
38 39 0.12
38 40 0.82
38 41 0.75
38 42 0.15
39 40 0.68
39 41 0.72
39 42 0.05
40 41 0.06
40 42 0.75
41 42 0.67