0 1 0.96
0 2 0.12
0 3 0.54
0 4 0.86
0 5 1.19
0 6 0.32
0 7 0.44
0 8 0.98
0 9 0.48
0 10 0.66
0 11 0.55
0 12 0.44
0 13 0.59
0 14 0.53
0 15 0.69
0 16 0.61
0 17 1.22
0 18 1.01
0 19 1.22
0 20 0.48
0 21 1.04
0 22 0.63
0 23 0.68
0 24 0.58
0 25 0.53
0 26 0.92
0 27 0.48
0 28 1.24
0 29 1.33
0 30 0.44
0 31 0.38
0 32 1.32
0 33 0.5
0 34 0.16
0 35 0.71
0 36 0.54
0 37 0.45
0 38 0.58
0 39 0.81
0 40 0.22
0 41 0.79
0 42 1.07
0 43 0.55
0 44 0.16
0 45 0.78
0 46 0.59
0 47 0.96
0 48 0.19
0 49 0.55
1 2 0.9
1 3 0.45
1 4 0.83
1 5 0.38
1 6 0.64
1 7 0.71
1 8 0.16
1 9 0.67
1 10 0.31
1 11 0.63
1 12 0.59
1 13 0.42
1 14 0.55
1 15 0.72
1 16 0.56
1 17 0.24
1 18 1.03
1 19 0.5
1 20 0.62
1 21 0.06
1 22 0.36
1 23 0.36
1 24 0.61
1 25 0.71
1 26 0.9
1 27 0.6
1 28 0.45
1 29 0.51
1 30 0.54
1 31 0.58
1 32 0.4
1 33 0.66
1 34 0.96
1 35 0.31
1 36 0.58
1 37 0.67
1 38 0.39
1 39 0.2
1 40 0.91
1 41 0.27
1 42 0.17
1 43 0.62
1 44 0.87
1 45 0.23
1 46 0.37
1 47 0.82
1 48 0.92
1 49 0.66
2 3 0.51
2 4 0.74
2 5 1.06
2 6 0.27
2 7 0.28
2 8 1.04
2 9 0.34
2 10 0.59
2 11 0.41
2 12 0.34
2 13 0.52
2 14 0.38
2 15 0.71
2 16 0.45
2 17 1.11
2 18 1.01
2 19 1.2
2 20 0.34
2 21 1.05
2 22 0.55
2 23 0.54
2 24 0.5
2 25 0.4
2 26 0.8
2 27 0.33
2 28 1.06
2 29 1.2
2 30 0.37
2 31 0.34
2 32 1.08
2 33 0.39
2 34 0.05
2 35 0.63
2 36 0.38
2 37 0.35
2 38 0.53
2 39 0.71
2 40 0.12
2 41 0.65
2 42 1.1
2 43 0.43
2 44 0.07
2 45 0.64
2 46 0.56
2 47 0.84
2 48 0.07
2 49 0.41
3 4 0.76
3 5 0.73
3 6 0.26
3 7 0.38
3 8 0.53
3 9 0.33
3 10 0.11
3 11 0.28
3 12 0.34
3 13 0.02
3 14 0.19
3 15 0.54
3 16 0.31
3 17 0.64
3 18 0.91
3 19 0.74
3 20 0.3
3 21 0.43
3 22 0.06
3 23 0.07
3 24 0.33
3 25 0.41
3 26 0.75
3 27 0.32
3 28 0.72
3 29 0.72
3 30 0.23
3 31 0.23
3 32 0.73
3 33 0.31
3 34 0.47
3 35 0.12
3 36 0.29
3 37 0.33
3 38 0.06
3 39 0.24
3 40 0.47
3 41 0.17
3 42 0.52
3 43 0.32
3 44 0.4
3 45 0.18
3 46 0.09
3 47 0.74
3 48 0.46
3 49 0.35
4 5 0.66
4 6 0.63
4 7 0.46
4 8 1.03
4 9 0.46
4 10 0.8
4 11 0.43
4 12 0.46
4 13 0.78
4 14 0.58
4 15 1.17
4 16 0.43
4 17 1.13
4 18 0.19
4 19 0.79
4 20 0.5
4 21 0.97
4 22 0.71
4 23 0.79
4 24 0.41
4 25 0.37
4 26 0.1
4 27 0.47
4 28 0.81
4 29 0.85
4 30 0.54
4 31 0.59
4 32 0.76
4 33 0.52
4 34 0.74
4 35 0.84
4 36 0.49
4 37 0.54
4 38 0.65
4 39 0.85
4 40 0.69
4 41 0.77
4 42 1.1
4 43 0.47
4 44 0.77
4 45 0.78
4 46 0.71
4 47 0.1
4 48 0.72
4 49 0.4
5 6 0.83
5 7 0.81
5 8 0.49
5 9 0.75
5 10 0.57
5 11 0.68
5 12 0.7
5 13 0.67
5 14 0.67
5 15 1.13
5 16 0.57
5 17 0.55
5 18 0.69
5 19 0.12
5 20 0.78
5 21 0.41
5 22 0.62
5 23 0.55
5 24 0.55
5 25 0.76
5 26 0.57
5 27 0.7
5 28 0.12
5 29 0.11
5 30 0.72
5 31 0.79
5 32 0.09
5 33 0.7
5 34 1.07
5 35 0.62
5 36 0.66
5 37 0.78
5 38 0.61
5 39 0.48
5 40 1.01
5 41 0.51
5 42 0.48
5 43 0.68
5 44 1.09
5 45 0.49
5 46 0.55
5 47 0.6
5 48 0.99
5 49 0.72
6 7 0.16
6 8 0.8
6 9 0.18
6 10 0.37
6 11 0.23
6 12 0.16
6 13 0.29
6 14 0.15
6 15 0.67
6 16 0.27
6 17 0.87
6 18 0.87
6 19 0.88
6 20 0.13
6 21 0.71
6 22 0.33
6 23 0.35
6 24 0.27
6 25 0.26
6 26 0.66
6 27 0.13
6 28 0.9
6 29 1
6 30 0.13
6 31 0.09
6 32 0.94
6 33 0.18
6 34 0.18
6 35 0.41
6 36 0.18
6 37 0.15
6 38 0.29
6 39 0.54
6 40 0.17
6 41 0.4
6 42 0.82
6 43 0.21
6 44 0.19
6 45 0.49
6 46 0.35
6 47 0.72
6 48 0.18
6 49 0.23
7 8 0.81
7 9 0.1
7 10 0.45
7 11 0.17
7 12 0.09
7 13 0.38
7 14 0.2
7 15 0.79
7 16 0.22
7 17 0.93
7 18 0.67
7 19 0.95
7 20 0.12
7 21 0.81
7 22 0.41
7 23 0.41
7 24 0.23
7 25 0.11
7 26 0.52
7 27 0.08
7 28 0.93
7 29 0.97
7 30 0.16
7 31 0.18
7 32 0.85
7 33 0.09
7 34 0.24
7 35 0.48
7 36 0.13
7 37 0.07
7 38 0.39
7 39 0.59
7 40 0.19
7 41 0.54
7 42 0.92
7 43 0.14
7 44 0.29
7 45 0.59
7 46 0.45
7 47 0.54
7 48 0.21
7 49 0.13
8 9 0.78
8 10 0.43
8 11 0.72
8 12 0.75
8 13 0.56
8 14 0.64
8 15 0.68
8 16 0.65
8 17 0.1
8 18 1.15
8 19 0.6
8 20 0.77
8 21 0.12
8 22 0.45
8 23 0.45
8 24 0.74
8 25 0.89
8 26 1.02
8 27 0.74
8 28 0.51
8 29 0.62
8 30 0.71
8 31 0.71
8 32 0.52
8 33 0.78
8 34 1.05
8 35 0.38
8 36 0.77
8 37 0.82
8 38 0.46
8 39 0.29
8 40 0.95
8 41 0.36
8 42 0.04
8 43 0.84
8 44 0.94
8 45 0.32
8 46 0.47
8 47 1.05
8 48 0.9
8 49 0.82
9 10 0.41
9 11 0.09
9 12 0.03
9 13 0.36
9 14 0.16
9 15 0.84
9 16 0.12
9 17 0.94
9 18 0.68
9 19 0.8
9 20 0.07
9 21 0.71
9 22 0.3
9 23 0.36
9 24 0.13
9 25 0.08
9 26 0.5
9 27 0.04
9 28 0.77
9 29 0.86
9 30 0.12
9 31 0.15
9 32 0.83
9 33 0.01
9 34 0.32
9 35 0.45
9 36 0.05
9 37 0.03
9 38 0.35
9 39 0.53
9 40 0.27
9 41 0.44
9 42 0.86
9 43 0.06
9 44 0.32
9 45 0.43
9 46 0.36
9 47 0.48
9 48 0.28
9 49 0.05
10 11 0.37
10 12 0.4
10 13 0.09
10 14 0.26
10 15 0.48
10 16 0.36
10 17 0.48
10 18 1
10 19 0.69
10 20 0.37
10 21 0.4
10 22 0.08
10 23 0.05
10 24 0.39
10 25 0.44
10 26 0.72
10 27 0.4
10 28 0.69
10 29 0.72
10 30 0.31
10 31 0.33
10 32 0.61
10 33 0.4
10 34 0.56
10 35 0.02
10 36 0.37
10 37 0.41
10 38 0.08
10 39 0.13
10 40 0.53
10 41 0.08
10 42 0.5
10 43 0.37
10 44 0.53
10 45 0.11
10 46 0.08
10 47 0.79
10 48 0.55
10 49 0.41
11 12 0.08
11 13 0.29
11 14 0.11
11 15 0.75
11 16 0.05
11 17 0.84
11 18 0.66
11 19 0.82
11 20 0.09
11 21 0.62
11 22 0.27
11 23 0.29
11 24 0.08
11 25 0.14
11 26 0.49
11 27 0.1
11 28 0.74
11 29 0.75
11 30 0.1
11 31 0.14
11 32 0.73
11 33 0.07
11 34 0.39
11 35 0.37
11 36 0.04
11 37 0.1
11 38 0.25
11 39 0.41
11 40 0.34
11 41 0.35
11 42 0.7
11 43 0.03
11 44 0.37
11 45 0.37
11 46 0.29
11 47 0.48
11 48 0.37
11 49 0.07
12 13 0.32
12 14 0.13
12 15 0.72
12 16 0.13
12 17 0.88
12 18 0.66
12 19 0.86
12 20 0.04
12 21 0.7
12 22 0.32
12 23 0.36
12 24 0.15
12 25 0.11
12 26 0.53
12 27 0.01
12 28 0.88
12 29 0.87
12 30 0.08
12 31 0.12
12 32 0.83
12 33 0.02
12 34 0.31
12 35 0.4
12 36 0.04
12 37 0.02
12 38 0.35
12 39 0.46
12 40 0.27
12 41 0.44
12 42 0.79
12 43 0.06
12 44 0.29
12 45 0.44
12 46 0.33
12 47 0.55
12 48 0.27
12 49 0.07
13 14 0.18
13 15 0.48
13 16 0.32
13 17 0.57
13 18 0.84
13 19 0.75
13 20 0.29
13 21 0.49
13 22 0.05
13 23 0.06
13 24 0.31
13 25 0.45
13 26 0.82
13 27 0.36
13 28 0.67
13 29 0.74
13 30 0.25
13 31 0.25
13 32 0.69
13 33 0.36
13 34 0.47
13 35 0.1
13 36 0.33
13 37 0.34
13 38 0.05
13 39 0.23
13 40 0.44
13 41 0.16
13 42 0.49
13 43 0.29
13 44 0.46
13 45 0.18
13 46 0.07
13 47 0.75
13 48 0.47
13 49 0.35
14 15 0.6
14 16 0.15
14 17 0.73
14 18 0.85
14 19 0.76
14 20 0.11
14 21 0.56
14 22 0.2
14 23 0.22
14 24 0.19
14 25 0.22
14 26 0.54
14 27 0.14
14 28 0.71
14 29 0.86
14 30 0.06
14 31 0.08
14 32 0.68
14 33 0.14
14 34 0.33
14 35 0.27
14 36 0.12
14 37 0.15
14 38 0.18
14 39 0.36
14 40 0.31
14 41 0.32
14 42 0.72
14 43 0.13
14 44 0.34
14 45 0.32
14 46 0.19
14 47 0.62
14 48 0.34
14 49 0.16
15 16 0.81
15 17 0.71
15 18 1.41
15 19 1.23
15 20 0.72
15 21 0.74
15 22 0.51
15 23 0.55
15 24 0.84
15 25 0.91
15 26 1.19
15 27 0.79
15 28 1.18
15 29 1.31
15 30 0.71
15 31 0.63
15 32 1.12
15 33 0.77
15 34 0.7
15 35 0.56
15 36 0.78
15 37 0.83
15 38 0.57
15 39 0.56
15 40 0.76
15 41 0.56
15 42 0.75
15 43 0.78
15 44 0.69
15 45 0.6
15 46 0.58
15 47 1.17
15 48 0.72
15 49 0.84
16 17 0.8
16 18 0.68
16 19 0.66
16 20 0.15
16 21 0.62
16 22 0.25
16 23 0.29
16 24 0.05
16 25 0.16
16 26 0.49
16 27 0.15
16 28 0.66
16 29 0.74
16 30 0.13
16 31 0.19
16 32 0.65
16 33 0.12
16 34 0.44
16 35 0.33
16 36 0.09
16 37 0.15
16 38 0.26
16 39 0.4
16 40 0.39
16 41 0.36
16 42 0.7
16 43 0.07
16 44 0.43
16 45 0.35
16 46 0.27
16 47 0.41
16 48 0.4
16 49 0.1
17 18 1.2
17 19 0.6
17 20 0.88
17 21 0.18
17 22 0.58
17 23 0.51
17 24 0.75
17 25 0.97
17 26 0.97
17 27 0.9
17 28 0.49
17 29 0.57
17 30 0.75
17 31 0.78
17 32 0.58
17 33 0.85
17 34 1
17 35 0.51
17 36 0.8
17 37 0.86
17 38 0.55
17 39 0.39
17 40 1.12
17 41 0.45
17 42 0.07
17 43 0.82
17 44 1.01
17 45 0.45
17 46 0.54
17 47 1.06
17 48 1.04
17 49 0.84
18 19 0.77
18 20 0.75
18 21 1.13
18 22 0.84
18 23 0.95
18 24 0.61
18 25 0.57
18 26 0.18
18 27 0.73
18 28 0.84
18 29 0.78
18 30 0.74
18 31 0.8
18 32 0.76
18 33 0.66
18 34 0.95
18 35 0.86
18 36 0.73
18 37 0.66
18 38 0.93
18 39 0.92
18 40 0.79
18 41 0.91
18 42 1.13
18 43 0.62
18 44 0.93
18 45 0.93
18 46 0.93
18 47 0.19
18 48 0.96
18 49 0.64
19 20 0.91
19 21 0.5
19 22 0.77
19 23 0.7
19 24 0.74
19 25 0.77
19 26 0.68
19 27 0.85
19 28 0.1
19 29 0.03
19 30 0.83
19 31 0.89
19 32 0.1
19 33 0.83
19 34 1.18
19 35 0.68
19 36 0.79
19 37 0.93
19 38 0.73
19 39 0.62
19 40 1.07
19 41 0.63
19 42 0.55
19 43 0.73
19 44 1.18
19 45 0.61
19 46 0.71
19 47 0.62
19 48 1.19
19 49 0.82
20 21 0.65
20 22 0.28
20 23 0.33
20 24 0.16
20 25 0.14
20 26 0.52
20 27 0.04
20 28 0.75
20 29 0.8
20 30 0.05
20 31 0.08
20 32 0.78
20 33 0.05
20 34 0.32
20 35 0.37
20 36 0.06
20 37 0.04
20 38 0.28
20 39 0.51
20 40 0.22
20 41 0.41
20 42 0.77
20 43 0.08
20 44 0.3
20 45 0.43
20 46 0.29
20 47 0.58
20 48 0.27
20 49 0.1
21 22 0.43
21 23 0.43
21 24 0.62
21 25 0.82
21 26 0.85
21 27 0.74
21 28 0.39
21 29 0.45
21 30 0.66
21 31 0.65
21 32 0.42
21 33 0.66
21 34 0.92
21 35 0.37
21 36 0.71
21 37 0.66
21 38 0.42
21 39 0.24
21 40 0.87
21 41 0.28
21 42 0.12
21 43 0.67
21 44 0.87
21 45 0.27
21 46 0.42
21 47 0.84
21 48 0.86
21 49 0.69
22 23 0.03
22 24 0.29
22 25 0.4
22 26 0.72
22 27 0.32
22 28 0.63
22 29 0.74
22 30 0.24
22 31 0.25
22 32 0.7
22 33 0.33
22 34 0.47
22 35 0.1
22 36 0.31
22 37 0.32
22 38 0
22 39 0.19
22 40 0.46
22 41 0.12
22 42 0.48
22 43 0.29
22 44 0.46
22 45 0.15
22 46 0.02
22 47 0.69
22 48 0.45
22 49 0.33
23 24 0.35
23 25 0.46
23 26 0.71
23 27 0.37
23 28 0.69
23 29 0.71
23 30 0.29
23 31 0.26
23 32 0.61
23 33 0.37
23 34 0.53
23 35 0.05
23 36 0.35
23 37 0.38
23 38 0.03
23 39 0.18
23 40 0.48
23 41 0.09
23 42 0.52
23 43 0.33
23 44 0.53
23 45 0.12
23 46 0.03
23 47 0.76
23 48 0.47
23 49 0.37
24 25 0.14
24 26 0.46
24 27 0.16
24 28 0.66
24 29 0.68
24 30 0.19
24 31 0.24
24 32 0.67
24 33 0.13
24 34 0.49
24 35 0.39
24 36 0.1
24 37 0.15
24 38 0.32
24 39 0.44
24 40 0.38
24 41 0.38
24 42 0.74
24 43 0.08
24 44 0.45
24 45 0.36
24 46 0.34
24 47 0.42
24 48 0.43
24 49 0.09
25 26 0.43
25 27 0.12
25 28 0.9
25 29 0.83
25 30 0.17
25 31 0.25
25 32 0.82
25 33 0.08
25 34 0.35
25 35 0.48
25 36 0.11
25 37 0.1
25 38 0.42
25 39 0.56
25 40 0.29
25 41 0.52
25 42 0.84
25 43 0.11
25 44 0.38
25 45 0.5
25 46 0.4
25 47 0.48
25 48 0.33
25 49 0.07
26 27 0.55
26 28 0.72
26 29 0.68
26 30 0.57
26 31 0.66
26 32 0.64
26 33 0.49
26 34 0.77
26 35 0.75
26 36 0.51
26 37 0.56
26 38 0.67
26 39 0.88
26 40 0.74
26 41 0.78
26 42 1.02
26 43 0.47
26 44 0.75
26 45 0.72
26 46 0.77
26 47 0.03
26 48 0.79
26 49 0.45
27 28 0.93
27 29 0.83
27 30 0.09
27 31 0.13
27 32 0.81
27 33 0.03
27 34 0.31
27 35 0.39
27 36 0.06
27 37 0.01
27 38 0.33
27 39 0.46
27 40 0.23
27 41 0.42
27 42 0.82
27 43 0.08
27 44 0.29
27 45 0.45
27 46 0.34
27 47 0.5
27 48 0.25
27 49 0.07
28 29 0.07
28 30 0.74
28 31 0.82
28 32 0.03
28 33 0.83
28 34 1.06
28 35 0.61
28 36 0.77
28 37 0.86
28 38 0.71
28 39 0.51
28 40 1.07
28 41 0.59
28 42 0.46
28 43 0.77
28 44 1.03
28 45 0.55
28 46 0.7
28 47 0.68
28 48 1.14
28 49 0.76
29 30 0.78
29 31 0.91
29 32 0.07
29 33 0.83
29 34 1.13
29 35 0.66
29 36 0.83
29 37 0.94
29 38 0.67
29 39 0.61
29 40 1.04
29 41 0.6
29 42 0.58
29 43 0.79
29 44 1.1
29 45 0.62
29 46 0.71
29 47 0.74
29 48 1.05
29 49 0.8
30 31 0.06
30 32 0.81
30 33 0.1
30 34 0.33
30 35 0.32
30 36 0.09
30 37 0.09
30 38 0.24
30 39 0.44
30 40 0.25
30 41 0.34
30 42 0.7
30 43 0.1
30 44 0.28
30 45 0.36
30 46 0.24
30 47 0.61
30 48 0.3
30 49 0.13
31 32 0.85
31 33 0.14
31 34 0.26
31 35 0.35
31 36 0.13
31 37 0.12
31 38 0.23
31 39 0.47
31 40 0.22
31 41 0.34
31 42 0.71
31 43 0.15
31 44 0.25
31 45 0.35
31 46 0.27
31 47 0.63
31 48 0.28
31 49 0.17
32 33 0.82
32 34 1.21
32 35 0.62
32 36 0.81
32 37 0.81
32 38 0.68
32 39 0.54
32 40 1.11
32 41 0.56
32 42 0.44
32 43 0.78
32 44 1.11
32 45 0.5
32 46 0.64
32 47 0.62
32 48 1.1
32 49 0.81
33 34 0.3
33 35 0.4
33 36 0.04
33 37 0.04
33 38 0.32
33 39 0.51
33 40 0.28
33 41 0.4
33 42 0.79
33 43 0.05
33 44 0.32
33 45 0.47
33 46 0.32
33 47 0.51
33 48 0.3
33 49 0.05
34 35 0.55
34 36 0.35
34 37 0.29
34 38 0.47
34 39 0.67
34 40 0.07
34 41 0.58
34 42 0.98
34 43 0.37
34 44 0.04
34 45 0.67
34 46 0.52
34 47 0.83
34 48 0.03
34 49 0.34
35 36 0.35
35 37 0.42
35 38 0.1
35 39 0.11
35 40 0.55
35 41 0.07
35 42 0.43
35 43 0.36
35 44 0.58
35 45 0.08
35 46 0.08
35 47 0.74
35 48 0.6
35 49 0.46
36 37 0.07
36 38 0.29
36 39 0.45
36 40 0.3
36 41 0.4
36 42 0.81
36 43 0.02
36 44 0.35
36 45 0.43
36 46 0.27
36 47 0.49
36 48 0.31
36 49 0.05
37 38 0.34
37 39 0.56
37 40 0.24
37 41 0.43
37 42 0.86
37 43 0.09
37 44 0.31
37 45 0.48
37 46 0.34
37 47 0.52
37 48 0.28
37 49 0.08
38 39 0.18
38 40 0.46
38 41 0.12
38 42 0.53
38 43 0.3
38 44 0.46
38 45 0.15
38 46 0.03
38 47 0.68
38 48 0.51
38 49 0.37
39 40 0.7
39 41 0.08
39 42 0.32
39 43 0.44
39 44 0.71
39 45 0.05
39 46 0.2
39 47 0.73
39 48 0.69
39 49 0.48
40 41 0.58
40 42 1.08
40 43 0.34
40 44 0.09
40 45 0.6
40 46 0.54
40 47 0.78
40 48 0.03
40 49 0.31
41 42 0.41
41 43 0.4
41 44 0.59
41 45 0.03
41 46 0.1
41 47 0.74
41 48 0.63
41 49 0.42
42 43 0.76
42 44 0.98
42 45 0.35
42 46 0.5
42 47 1.06
42 48 1.05
42 49 0.88
43 44 0.35
43 45 0.42
43 46 0.32
43 47 0.48
43 48 0.36
43 49 0.04
44 45 0.62
44 46 0.51
44 47 0.82
44 48 0.06
44 49 0.35
45 46 0.12
45 47 0.69
45 48 0.64
45 49 0.48
46 47 0.66
46 48 0.5
46 49 0.33
47 48 0.75
47 49 0.4
48 49 0.32