59 73 0
79 65 24
73 27 15
41 81 2
11 93 3
13 89 24
11 15 17
71 81 9
77 89 4
41 87 2
44 94 15
51 101 20
42 92 17
58 104 15
14 94 20
18 90 8
60 102 6
72 86 2
45 95 6
20 90 18
74 32 5
78 90 16
18 98 2
78 36 18
16 90 1
78 36 13
80 74 17
78 92 5
52 108 14
49 97 19
72 82 3
72 88 22
42 82 6
50 92 9
82 94 22
16 94 6
18 94 18
42 88 23
78 94 24
80 32 4
84 96 20
76 82 16
78 30 15
88 68 24
18 20 16
18 20 9
74 82 4
47 95 11
18 94 3
86 68 54
45 95 36
14 102 19
82 66 11
14 16 21
76 86 12
18 102 9
58 106 17
76 34 16
18 18 14
14 96 14
18 94 21
46 96 19
82 70 6
76 28 17