0 1 0.31
0 2 1.03
0 3 0.35
0 4 0.45
0 5 0.78
0 6 0.69
0 7 0.67
0 8 0.97
0 9 0.85
0 10 1
0 11 0.33
0 12 0.94
0 13 0.69
0 14 0.91
0 15 0.26
0 16 0.91
0 17 0.85
0 18 1.03
0 19 0.21
0 20 0.94
0 21 0.86
0 22 1.02
0 23 0.32
0 24 1.12
0 25 0.25
0 26 1.02
0 27 0.47
0 28 0.97
0 29 0.58
0 30 0.91
0 31 0.26
0 32 0.69
0 33 0.28
0 34 0.87
0 35 0.45
0 36 0.65
0 37 0.98
0 38 0.28
0 39 0.33
0 40 0.32
0 41 1
0 42 0.62
0 43 0.57
0 44 0.88
0 45 0.92
0 46 0.62
0 47 0.46
0 48 0.86
0 49 1.01
0 50 0.28
0 51 1
0 52 0.91
0 53 0.32
0 54 0.87
0 55 0.32
0 56 0.29
0 57 1.03
0 58 0.93
0 59 0.84
0 60 0.4
0 61 0.99
0 62 0.87
0 63 0.23
0 64 0.39
0 65 0.53
0 66 0.57
0 67 0.65
1 2 0.73
1 3 0.37
1 4 0.21
1 5 0.59
1 6 0.51
1 7 0.46
1 8 0.64
1 9 0.64
1 10 0.8
1 11 0.36
1 12 0.58
1 13 0.47
1 14 0.68
1 15 0.03
1 16 0.69
1 17 0.65
1 18 0.75
1 19 0.35
1 20 0.65
1 21 0.6
1 22 0.69
1 23 0.38
1 24 0.72
1 25 0.3
1 26 0.67
1 27 0.32
1 28 0.77
1 29 0.43
1 30 0.62
1 31 0.11
1 32 0.51
1 33 0.02
1 34 0.62
1 35 0.26
1 36 0.46
1 37 0.69
1 38 0.39
1 39 0.34
1 40 0.35
1 41 0.67
1 42 0.4
1 43 0.42
1 44 0.66
1 45 0.58
1 46 0.47
1 47 0.29
1 48 0.61
1 49 0.72
1 50 0.36
1 51 0.79
1 52 0.63
1 53 0.39
1 54 0.61
1 55 0.38
1 56 0.02
1 57 0.7
1 58 0.84
1 59 0.64
1 60 0.21
1 61 0.8
1 62 0.7
1 63 0.3
1 64 0.24
1 65 0.44
1 66 0.41
1 67 0.47
2 3 0.98
2 4 0.64
2 5 0.51
2 6 0.66
2 7 0.54
2 8 0.05
2 9 0.27
2 10 0.72
2 11 0.98
2 12 0.32
2 13 0.58
2 14 0.58
2 15 0.72
2 16 0.32
2 17 0.13
2 18 0.6
2 19 1.07
2 20 0.1
2 21 0.37
2 22 0.02
2 23 1.09
2 24 0.74
2 25 0.98
2 26 0.1
2 27 0.64
2 28 0.61
2 29 0.7
2 30 0.34
2 31 0.82
2 32 0.74
2 33 0.71
2 34 0.3
2 35 0.68
2 36 0.67
2 37 0.05
2 38 0.99
2 39 1.06
2 40 0.98
2 41 0.05
2 42 0.69
2 43 0.64
2 44 0.33
2 45 0.3
2 46 0.58
2 47 0.63
2 48 0.32
2 49 0.03
2 50 0.98
2 51 0.06
2 52 0.1
2 53 0.98
2 54 0.42
2 55 1.1
2 56 0.76
2 57 0.06
2 58 0.7
2 59 0.34
2 60 0.61
2 61 0.08
2 62 0.6
2 63 0.95
2 64 0.71
2 65 0.65
2 66 0.62
2 67 0.74
3 4 0.58
3 5 0.94
3 6 0.47
3 7 0.77
3 8 0.89
3 9 0.95
3 10 0.85
3 11 0.02
3 12 0.95
3 13 0.88
3 14 0.98
3 15 0.39
3 16 1.14
3 17 0.92
3 18 0.78
3 19 0.13
3 20 0.99
3 21 1.01
3 22 1.01
3 23 0.03
3 24 0.75
3 25 0.09
3 26 0.93
3 27 0.68
3 28 0.76
3 29 0.37
3 30 1
3 31 0.46
3 32 0.42
3 33 0.37
3 34 0.94
3 35 0.64
3 36 0.45
3 37 0.95
3 38 0.07
3 39 0.03
3 40 0.05
3 41 1
3 42 0.4
3 43 0.77
3 44 0.92
3 45 0.98
3 46 0.94
3 47 0.65
3 48 0.98
3 49 0.9
3 50 0.07
3 51 1
3 52 1
3 53 0.08
3 54 1.03
3 55 0.04
3 56 0.37
3 57 0.98
3 58 0.69
3 59 0.96
3 60 0.6
3 61 1.16
3 62 1.08
3 63 0.13
3 64 0.6
3 65 0.8
3 66 0.89
3 67 0.41
4 5 0.39
4 6 0.68
4 7 0.2
4 8 0.58
4 9 0.43
4 10 0.96
4 11 0.61
4 12 0.41
4 13 0.26
4 14 0.43
4 15 0.2
4 16 0.45
4 17 0.52
4 18 0.89
4 19 0.5
4 20 0.56
4 21 0.41
4 22 0.62
4 23 0.58
4 24 0.89
4 25 0.49
4 26 0.56
4 27 0.12
4 28 0.87
4 29 0.6
4 30 0.42
4 31 0.15
4 32 0.63
4 33 0.21
4 34 0.47
4 35 0.07
4 36 0.57
4 37 0.61
4 38 0.61
4 39 0.58
4 40 0.58
4 41 0.56
4 42 0.61
4 43 0.23
4 44 0.44
4 45 0.42
4 46 0.24
4 47 0.08
4 48 0.47
4 49 0.6
4 50 0.6
4 51 0.59
4 52 0.57
4 53 0.61
4 54 0.44
4 55 0.57
4 56 0.21
4 57 0.58
4 58 0.88
4 59 0.47
4 60 0.01
4 61 0.67
4 62 0.51
4 63 0.47
4 64 0.11
4 65 0.19
4 66 0.27
4 67 0.58
5 6 0.95
5 7 0.2
5 8 0.55
5 9 0.25
5 10 1.15
5 11 0.88
5 12 0.22
5 13 0.14
5 14 0.05
5 15 0.65
5 16 0.22
5 17 0.45
5 18 1.14
5 19 0.93
5 20 0.43
5 21 0.16
5 22 0.57
5 23 0.92
5 24 1.01
5 25 0.97
5 26 0.42
5 27 0.35
5 28 1
5 29 0.84
5 30 0.18
5 31 0.51
5 32 0.91
5 33 0.63
5 34 0.23
5 35 0.38
5 36 0.97
5 37 0.54
5 38 0.97
5 39 0.95
5 40 1.05
5 41 0.5
5 42 0.82
5 43 0.19
5 44 0.22
5 45 0.22
5 46 0.14
5 47 0.33
5 48 0.23
5 49 0.48
5 50 0.95
5 51 0.47
5 52 0.41
5 53 0.91
5 54 0.12
5 55 0.96
5 56 0.56
5 57 0.44
5 58 1.14
5 59 0.19
5 60 0.36
5 61 0.49
5 62 0.08
5 63 0.83
5 64 0.44
5 65 0.25
5 66 0.2
5 67 0.97
6 7 0.8
6 8 0.67
6 9 0.81
6 10 0.31
6 11 0.52
6 12 0.87
6 13 0.86
6 14 0.98
6 15 0.56
6 16 0.83
6 17 0.64
6 18 0.34
6 19 0.55
6 20 0.74
6 21 0.85
6 22 0.75
6 23 0.52
6 24 0.3
6 25 0.52
6 26 0.74
6 27 0.8
6 28 0.3
6 29 0.11
6 30 0.96
6 31 0.64
6 32 0.04
6 33 0.56
6 34 0.87
6 35 0.78
6 36 0.07
6 37 0.61
6 38 0.57
6 39 0.5
6 40 0.48
6 41 0.65
6 42 0.11
6 43 0.84
6 44 0.82
6 45 0.84
6 46 0.84
6 47 0.8
6 48 0.86
6 49 0.71
6 50 0.54
6 51 0.77
6 52 0.74
6 53 0.56
6 54 0.93
6 55 0.53
6 56 0.5
6 57 0.69
6 58 0.27
6 59 0.92
6 60 0.69
6 61 0.73
6 62 1.08
6 63 0.6
6 64 0.76
6 65 0.87
6 66 0.95
6 67 0.08
7 8 0.49
7 9 0.31
7 10 0.99
7 11 0.83
7 12 0.27
7 13 0.08
7 14 0.25
7 15 0.46
7 16 0.28
7 17 0.41
7 18 0.96
7 19 0.67
7 20 0.41
7 21 0.24
7 22 0.47
7 23 0.76
7 24 0.99
7 25 0.72
7 26 0.47
7 27 0.19
7 28 0.95
7 29 0.74
7 30 0.25
7 31 0.38
7 32 0.81
7 33 0.4
7 34 0.33
7 35 0.17
7 36 0.76
7 37 0.53
7 38 0.76
7 39 0.79
7 40 0.75
7 41 0.52
7 42 0.7
7 43 0.07
7 44 0.31
7 45 0.28
7 46 0.06
7 47 0.15
7 48 0.31
7 49 0.52
7 50 0.76
7 51 0.47
7 52 0.44
7 53 0.77
7 54 0.24
7 55 0.82
7 56 0.44
7 57 0.47
7 58 0.94
7 59 0.26
7 60 0.19
7 61 0.52
7 62 0.27
7 63 0.73
7 64 0.23
7 65 0.08
7 66 0.1
7 67 0.78
8 9 0.31
8 10 0.68
8 11 1.02
8 12 0.34
8 13 0.51
8 14 0.6
8 15 0.75
8 16 0.35
8 17 0.11
8 18 0.6
8 19 1.03
8 20 0.1
8 21 0.38
8 22 0.06
8 23 0.96
8 24 0.65
8 25 0.88
8 26 0.12
8 27 0.64
8 28 0.62
8 29 0.65
8 30 0.32
8 31 0.72
8 32 0.67
8 33 0.73
8 34 0.32
8 35 0.64
8 36 0.6
8 37 0.02
8 38 1
8 39 0.98
8 40 0.96
8 41 0.02
8 42 0.69
8 43 0.61
8 44 0.32
8 45 0.32
8 46 0.56
8 47 0.59
8 48 0.33
8 49 0.06
8 50 1.07
8 51 0.11
8 52 0.11
8 53 1.08
8 54 0.39
8 55 0.94
8 56 0.65
8 57 0.09
8 58 0.67
8 59 0.35
8 60 0.59
8 61 0.13
8 62 0.58
8 63 0.95
8 64 0.65
8 65 0.58
8 66 0.65
8 67 0.71
9 10 0.95
9 11 0.91
9 12 0.03
9 13 0.33
9 14 0.3
9 15 0.66
9 16 0.06
9 17 0.21
9 18 0.89
9 19 0.97
9 20 0.19
9 21 0.09
9 22 0.25
9 23 0.93
9 24 0.87
9 25 0.85
9 26 0.18
9 27 0.48
9 28 0.82
9 29 0.83
9 30 0.07
9 31 0.6
9 32 0.85
9 33 0.61
9 34 0.04
9 35 0.43
9 36 0.82
9 37 0.28
9 38 0.99
9 39 0.96
9 40 0.99
9 41 0.27
9 42 0.77
9 43 0.37
9 44 0.03
9 45 0.04
9 46 0.29
9 47 0.42
9 48 0.02
9 49 0.25
9 50 1.01
9 51 0.25
9 52 0.19
9 53 1.08
9 54 0.12
9 55 0.95
9 56 0.64
9 57 0.21
9 58 0.95
9 59 0.05
9 60 0.43
9 61 0.24
9 62 0.3
9 63 0.91
9 64 0.54
9 65 0.36
9 66 0.38
9 67 0.82
10 11 0.78
10 12 0.95
10 13 1.05
10 14 1.18
10 15 0.8
10 16 0.89
10 17 0.8
10 18 0.08
10 19 0.85
10 20 0.74
10 21 1.09
10 22 0.7
10 23 0.8
10 24 0.06
10 25 0.85
10 26 0.85
10 27 1.15
10 28 0.1
10 29 0.42
10 30 1.02
10 31 0.99
10 32 0.37
10 33 0.83
10 34 1.04
10 35 0.92
10 36 0.42
10 37 0.71
10 38 0.83
10 39 0.86
10 40 0.91
10 41 0.65
10 42 0.39
10 43 1.07
10 44 1.03
10 45 0.95
10 46 1.11
10 47 0.97
10 48 0.99
10 49 0.74
10 50 0.84
10 51 0.73
10 52 0.79
10 53 0.89
10 54 1.14
10 55 0.79
10 56 0.83
10 57 0.76
10 58 0.06
10 59 0.91
10 60 0.99
10 61 0.87
10 62 1.27
10 63 0.88
10 64 0.99
10 65 1.05
10 66 1.15
10 67 0.41
11 12 0.91
11 13 0.82
11 14 1.02
11 15 0.37
11 16 0.95
11 17 0.99
11 18 0.84
11 19 0.12
11 20 1
11 21 0.9
11 22 0.94
11 23 0.02
11 24 0.77
11 25 0.07
11 26 0.9
11 27 0.63
11 28 0.85
11 29 0.36
11 30 1.01
11 31 0.44
11 32 0.48
11 33 0.41
11 34 1.05
11 35 0.62
11 36 0.45
11 37 0.99
11 38 0.06
11 39 0.01
11 40 0.03
11 41 0.91
11 42 0.44
11 43 0.78
11 44 0.95
11 45 0.96
11 46 0.83
11 47 0.64
11 48 0.9
11 49 1.04
11 50 0.05
11 51 1.04
11 52 0.98
11 53 0.07
11 54 0.96
11 55 0.02
11 56 0.36
11 57 0.99
11 58 0.8
11 59 1.11
11 60 0.56
11 61 1.04
11 62 1.08
11 63 0.12
11 64 0.58
11 65 0.79
11 66 0.88
11 67 0.41
12 13 0.26
12 14 0.25
12 15 0.64
12 16 0.05
12 17 0.23
12 18 0.91
12 19 0.98
12 20 0.23
12 21 0.05
12 22 0.28
12 23 0.97
12 24 0.86
12 25 0.84
12 26 0.22
12 27 0.46
12 28 0.79
12 29 0.75
12 30 0.03
12 31 0.61
12 32 0.8
12 33 0.58
12 34 0.03
12 35 0.45
12 36 0.79
12 37 0.32
12 38 0.99
12 39 0.94
12 40 1
12 41 0.31
12 42 0.76
12 43 0.34
12 44 0.03
12 45 0
12 46 0.26
12 47 0.41
12 48 0.02
12 49 0.26
12 50 0.91
12 51 0.3
12 52 0.21
12 53 1
12 54 0.1
12 55 1
12 56 0.63
12 57 0.25
12 58 0.92
12 59 0.02
12 60 0.43
12 61 0.28
12 62 0.29
12 63 0.96
12 64 0.5
12 65 0.36
12 66 0.33
12 67 0.83
13 14 0.17
13 15 0.48
13 16 0.28
13 17 0.44
13 18 0.95
13 19 0.85
13 20 0.46
13 21 0.23
13 22 0.59
13 23 0.85
13 24 0.99
13 25 0.87
13 26 0.49
13 27 0.25
13 28 1.01
13 29 0.84
13 30 0.26
13 31 0.43
13 32 0.91
13 33 0.46
13 34 0.3
13 35 0.23
13 36 0.84
13 37 0.51
13 38 0.87
13 39 0.9
13 40 0.89
13 41 0.52
13 42 0.77
13 43 0.06
13 44 0.29
13 45 0.26
13 46 0.02
13 47 0.2
13 48 0.28
13 49 0.56
13 50 0.8
13 51 0.55
13 52 0.44
13 53 0.83
13 54 0.21
13 55 0.84
13 56 0.52
13 57 0.52
13 58 1.03
13 59 0.29
13 60 0.25
13 61 0.55
13 62 0.19
13 63 0.8
13 64 0.3
13 65 0.1
13 66 0.07
13 67 0.92
14 15 0.64
14 16 0.24
14 17 0.48
14 18 1.13
14 19 0.93
14 20 0.47
14 21 0.21
14 22 0.62
14 23 1.06
14 24 1.06
14 25 0.93
14 26 0.45
14 27 0.37
14 28 1.1
14 29 1.06
14 30 0.23
14 31 0.64
14 32 1.02
14 33 0.6
14 34 0.26
14 35 0.43
14 36 0.92
14 37 0.61
14 38 1.16
14 39 1.02
14 40 1
14 41 0.55
14 42 0.89
14 43 0.25
14 44 0.27
14 45 0.27
14 46 0.19
14 47 0.38
14 48 0.29
14 49 0.56
14 50 0.95
14 51 0.55
14 52 0.47
14 53 1.09
14 54 0.17
14 55 1
14 56 0.6
14 57 0.48
14 58 1.07
14 59 0.27
14 60 0.46
14 61 0.48
14 62 0.02
14 63 0.97
14 64 0.51
14 65 0.27
14 66 0.23
14 67 1.01
15 16 0.64
15 17 0.65
15 18 0.79
15 19 0.3
15 20 0.65
15 21 0.66
15 22 0.77
15 23 0.38
15 24 0.84
15 25 0.31
15 26 0.69
15 27 0.29
15 28 0.83
15 29 0.46
15 30 0.7
15 31 0.1
15 32 0.5
15 33 0.02
15 34 0.7
15 35 0.26
15 36 0.46
15 37 0.74
15 38 0.35
15 39 0.37
15 40 0.4
15 41 0.67
15 42 0.48
15 43 0.4
15 44 0.64
15 45 0.65
15 46 0.43
15 47 0.29
15 48 0.66
15 49 0.75
15 50 0.35
15 51 0.79
15 52 0.72
15 53 0.41
15 54 0.64
15 55 0.4
15 56 0.02
15 57 0.65
15 58 0.75
15 59 0.64
15 60 0.2
15 61 0.78
15 62 0.64
15 63 0.28
15 64 0.23
15 65 0.4
15 66 0.42
15 67 0.48
16 17 0.27
16 18 0.92
16 19 0.95
16 20 0.28
16 21 0.05
16 22 0.35
16 23 1.05
16 24 0.89
16 25 0.95
16 26 0.23
16 27 0.54
16 28 0.9
16 29 0.83
16 30 0.03
16 31 0.57
16 32 0.86
16 33 0.72
16 34 0.03
16 35 0.51
16 36 0.81
16 37 0.35
16 38 1.02
16 39 0.97
16 40 1.03
16 41 0.34
16 42 0.79
16 43 0.36
16 44 0.03
16 45 0.05
16 46 0.28
16 47 0.46
16 48 0.05
16 49 0.3
16 50 1.06
16 51 0.3
16 52 0.27
16 53 1.02
16 54 0.07
16 55 1.03
16 56 0.61
16 57 0.27
16 58 0.96
16 59 0.02
16 60 0.45
16 61 0.28
16 62 0.26
16 63 0.89
16 64 0.53
16 65 0.35
16 66 0.34
16 67 0.92
17 18 0.71
17 19 0.91
17 20 0.03
17 21 0.26
17 22 0.12
17 23 0.9
17 24 0.69
17 25 0.83
17 26 0.08
17 27 0.55
17 28 0.6
17 29 0.68
17 30 0.26
17 31 0.6
17 32 0.68
17 33 0.63
17 34 0.23
17 35 0.56
17 36 0.64
17 37 0.1
17 38 0.89
17 39 0.91
17 40 0.88
17 41 0.09
17 42 0.63
17 43 0.46
17 44 0.24
17 45 0.24
17 46 0.44
17 47 0.5
17 48 0.2
17 49 0.1
17 50 0.99
17 51 0.13
17 52 0.03
17 53 0.88
17 54 0.31
17 55 0.91
17 56 0.59
17 57 0.08
17 58 0.72
17 59 0.23
17 60 0.52
17 61 0.16
17 62 0.55
17 63 0.81
17 64 0.63
17 65 0.49
17 66 0.52
17 67 0.68
18 19 0.86
18 20 0.66
18 21 0.98
18 22 0.72
18 23 0.76
18 24 0.02
18 25 0.82
18 26 0.76
18 27 0.92
18 28 0.02
18 29 0.41
18 30 1
18 31 0.89
18 32 0.34
18 33 0.78
18 34 0.95
18 35 1.02
18 36 0.38
18 37 0.62
18 38 0.84
18 39 0.8
18 40 0.78
18 41 0.62
18 42 0.38
18 43 0.95
18 44 0.87
18 45 0.91
18 46 1.08
18 47 0.92
18 48 0.9
18 49 0.72
18 50 0.82
18 51 0.74
18 52 0.71
18 53 0.83
18 54 0.97
18 55 0.79
18 56 0.8
18 57 0.66
18 58 0.09
18 59 0.88
18 60 0.89
18 61 0.74
18 62 1.07
18 63 0.86
18 64 0.97
18 65 1.09
18 66 0.96
18 67 0.42
19 20 0.99
19 21 0.9
19 22 0.95
19 23 0.1
19 24 0.85
19 25 0.07
19 26 1.05
19 27 0.58
19 28 0.88
19 29 0.46
19 30 0.89
19 31 0.4
19 32 0.56
19 33 0.34
19 34 1.08
19 35 0.53
19 36 0.51
19 37 0.96
19 38 0.07
19 39 0.1
19 40 0.08
19 41 1
19 42 0.45
19 43 0.72
19 44 0.99
19 45 1.04
19 46 0.83
19 47 0.57
19 48 0.98
19 49 1.01
19 50 0.07
19 51 1.04
19 52 0.94
19 53 0.08
19 54 0.99
19 55 0.1
19 56 0.31
19 57 0.99
19 58 0.87
19 59 1.01
19 60 0.53
19 61 1.12
19 62 0.93
19 63 0.03
19 64 0.57
19 65 0.68
19 66 0.81
19 67 0.51
20 21 0.28
20 22 0.08
20 23 0.95
20 24 0.75
20 25 0.98
20 26 0.05
20 27 0.59
20 28 0.66
20 29 0.69
20 30 0.25
20 31 0.64
20 32 0.78
20 33 0.69
20 34 0.23
20 35 0.57
20 36 0.7
20 37 0.08
20 38 1.05
20 39 0.87
20 40 0.93
20 41 0.09
20 42 0.64
20 43 0.48
20 44 0.23
20 45 0.21
20 46 0.47
20 47 0.55
20 48 0.22
20 49 0.07
20 50 0.93
20 51 0.1
20 52 0
20 53 0.96
20 54 0.33
20 55 1.02
20 56 0.66
20 57 0.05
20 58 0.71
20 59 0.26
20 60 0.54
20 61 0.11
20 62 0.53
20 63 0.94
20 64 0.66
20 65 0.56
20 66 0.55
20 67 0.78
21 22 0.39
21 23 0.91
21 24 0.98
21 25 0.96
21 26 0.27
21 27 0.42
21 28 0.91
21 29 0.81
21 30 0.02
21 31 0.56
21 32 0.82
21 33 0.62
21 34 0.07
21 35 0.38
21 36 0.83
21 37 0.38
21 38 0.96
21 39 0.88
21 40 0.96
21 41 0.36
21 42 0.78
21 43 0.28
21 44 0.07
21 45 0.05
21 46 0.23
21 47 0.36
21 48 0.07
21 49 0.34
21 50 1.02
21 51 0.33
21 52 0.27
21 53 1.1
21 54 0.05
21 55 1.03
21 56 0.66
21 57 0.29
21 58 0.94
21 59 0.05
21 60 0.43
21 61 0.33
21 62 0.21
21 63 0.97
21 64 0.46
21 65 0.29
21 66 0.3
21 67 0.91
22 23 1.03
22 24 0.71
22 25 1.08
22 26 0.08
22 27 0.69
22 28 0.65
22 29 0.74
22 30 0.32
22 31 0.72
22 32 0.71
22 33 0.75
22 34 0.27
22 35 0.62
22 36 0.68
22 37 0.05
22 38 0.99
22 39 0.96
22 40 1.03
22 41 0.05
22 42 0.72
22 43 0.6
22 44 0.31
22 45 0.32
22 46 0.51
22 47 0.59
22 48 0.27
22 49 0.02
22 50 0.98
22 51 0.04
22 52 0.09
22 53 1.08
22 54 0.41
22 55 1.02
22 56 0.69
22 57 0.05
22 58 0.7
22 59 0.3
22 60 0.65
22 61 0.07
22 62 0.6
22 63 1.03
22 64 0.73
22 65 0.62
22 66 0.6
22 67 0.79
23 24 0.87
23 25 0.08
23 26 1.03
23 27 0.66
23 28 0.78
23 29 0.38
23 30 0.95
23 31 0.46
23 32 0.46
23 33 0.37
23 34 0.97
23 35 0.62
23 36 0.49
23 37 1.02
23 38 0.04
23 39 0
23 40 0.02
23 41 0.92
23 42 0.43
23 43 0.76
23 44 1.03
23 45 0.98
23 46 0.76
23 47 0.63
23 48 1.04
23 49 0.94
23 50 0.03
23 51 1.09
23 52 1.01
23 53 0.06
23 54 0.98
23 55 0.02
23 56 0.4
23 57 1
23 58 0.72
23 59 0.92
23 60 0.6
23 61 1.07
23 62 1
23 63 0.1
23 64 0.54
23 65 0.72
23 66 0.76
23 67 0.46
24 25 0.86
24 26 0.7
24 27 1.07
24 28 0.05
24 29 0.45
24 30 0.94
24 31 0.85
24 32 0.34
24 33 0.87
24 34 1.01
24 35 0.98
24 36 0.37
24 37 0.66
24 38 0.84
24 39 0.81
24 40 0.87
24 41 0.64
24 42 0.39
24 43 1.01
24 44 0.95
24 45 0.85
24 46 1.05
24 47 0.99
24 48 0.87
24 49 0.76
24 50 0.8
24 51 0.73
24 52 0.66
24 53 0.85
24 54 1.08
24 55 0.79
24 56 0.86
24 57 0.68
24 58 0.06
24 59 0.9
24 60 0.96
24 61 0.73
24 62 1.2
24 63 0.87
24 64 0.96
24 65 1.04
24 66 1.04
24 67 0.39
25 26 0.96
25 27 0.6
25 28 0.79
25 29 0.39
25 30 0.92
25 31 0.38
25 32 0.5
25 33 0.28
25 34 1.04
25 35 0.54
25 36 0.41
25 37 1.03
25 38 0.08
25 39 0.07
25 40 0.07
25 41 0.94
25 42 0.43
25 43 0.71
25 44 0.96
25 45 0.96
25 46 0.82
25 47 0.62
25 48 0.91
25 49 0.95
25 50 0.07
25 51 0.99
25 52 0.81
25 53 0.1
25 54 0.94
25 55 0.08
25 56 0.3
25 57 0.9
25 58 0.77
25 59 0.87
25 60 0.5
25 61 1
25 62 1.07
25 63 0.05
25 64 0.5
25 65 0.73
25 66 0.68
25 67 0.44
26 27 0.62
26 28 0.68
26 29 0.81
26 30 0.24
26 31 0.73
26 32 0.73
26 33 0.64
26 34 0.21
26 35 0.6
26 36 0.69
26 37 0.1
26 38 1.08
26 39 0.89
26 40 0.91
26 41 0.11
26 42 0.66
26 43 0.53
26 44 0.2
26 45 0.21
26 46 0.49
26 47 0.52
26 48 0.18
26 49 0.07
26 50 0.95
26 51 0.08
26 52 0.05
26 53 1.05
26 54 0.3
26 55 1.02
26 56 0.64
26 57 0.03
26 58 0.82
26 59 0.21
26 60 0.53
26 61 0.07
26 62 0.48
26 63 0.93
26 64 0.69
26 65 0.53
26 66 0.51
26 67 0.77
27 28 0.91
27 29 0.75
27 30 0.49
27 31 0.22
27 32 0.75
27 33 0.29
27 34 0.48
27 35 0.06
27 36 0.7
27 37 0.67
27 38 0.63
27 39 0.68
27 40 0.68
27 41 0.7
27 42 0.68
27 43 0.17
27 44 0.51
27 45 0.48
27 46 0.21
27 47 0.08
27 48 0.51
27 49 0.66
27 50 0.63
27 51 0.66
27 52 0.57
27 53 0.66
27 54 0.45
27 55 0.7
27 56 0.27
27 57 0.67
27 58 1.06
27 59 0.51
27 60 0.11
27 61 0.65
27 62 0.43
27 63 0.59
27 64 0.07
27 65 0.13
27 66 0.17
27 67 0.78
28 29 0.45
28 30 0.83
28 31 0.81
28 32 0.35
28 33 0.81
28 34 0.94
28 35 0.89
28 36 0.37
28 37 0.62
28 38 0.83
28 39 0.79
28 40 0.84
28 41 0.63
28 42 0.36
28 43 1.02
28 44 0.92
28 45 0.82
28 46 0.98
28 47 0.89
28 48 0.81
28 49 0.68
28 50 0.81
28 51 0.65
28 52 0.66
28 53 0.91
28 54 0.93
28 55 0.84
28 56 0.73
28 57 0.72
28 58 0.1
28 59 0.96
28 60 0.87
28 61 0.65
28 62 1
28 63 0.92
28 64 0.9
28 65 0.97
28 66 1.02
28 67 0.38
29 30 0.82
29 31 0.59
29 32 0.07
29 33 0.45
29 34 0.83
29 35 0.65
29 36 0.05
29 37 0.71
29 38 0.42
29 39 0.41
29 40 0.46
29 41 0.65
29 42 0.05
29 43 0.81
29 44 0.85
29 45 0.8
29 46 0.83
29 47 0.65
29 48 0.79
29 49 0.8
29 50 0.48
29 51 0.79
29 52 0.65
29 53 0.43
29 54 0.83
29 55 0.46
29 56 0.44
29 57 0.81
29 58 0.35
29 59 0.85
29 60 0.66
29 61 0.76
29 62 0.97
29 63 0.45
29 64 0.64
29 65 0.78
29 66 0.75
29 67 0.03
30 31 0.58
30 32 0.86
30 33 0.64
30 34 0.05
30 35 0.4
30 36 0.88
30 37 0.36
30 38 1
30 39 0.87
30 40 0.99
30 41 0.34
30 42 0.82
30 43 0.3
30 44 0.04
30 45 0.03
30 46 0.24
30 47 0.44
30 48 0.05
30 49 0.3
30 50 0.92
30 51 0.33
30 52 0.24
30 53 1.08
30 54 0.06
30 55 0.97
30 56 0.62
30 57 0.28
30 58 0.93
30 59 0.02
30 60 0.45
30 61 0.31
30 62 0.25
30 63 0.96
30 64 0.56
30 65 0.35
30 66 0.33
30 67 0.85
31 32 0.63
31 33 0.09
31 34 0.62
31 35 0.17
31 36 0.6
31 37 0.73
31 38 0.45
31 39 0.44
31 40 0.44
31 41 0.67
31 42 0.51
31 43 0.35
31 44 0.6
31 45 0.6
31 46 0.36
31 47 0.19
31 48 0.56
31 49 0.68
31 50 0.44
31 51 0.79
31 52 0.64
31 53 0.49
31 54 0.54
31 55 0.46
31 56 0.1
31 57 0.66
31 58 0.83
31 59 0.59
31 60 0.15
31 61 0.74
31 62 0.56
31 63 0.37
31 64 0.13
31 65 0.34
31 66 0.35
31 67 0.59
32 33 0.5
32 34 0.86
32 35 0.73
32 36 0.03
32 37 0.67
32 38 0.5
32 39 0.49
32 40 0.48
32 41 0.7
32 42 0.08
32 43 0.79
32 44 0.79
32 45 0.88
32 46 0.82
32 47 0.72
32 48 0.78
32 49 0.71
32 50 0.53
32 51 0.78
32 52 0.75
32 53 0.54
32 54 0.92
32 55 0.46
32 56 0.54
32 57 0.74
32 58 0.32
32 59 0.78
32 60 0.61
32 61 0.77
32 62 1.09
32 63 0.52
32 64 0.67
32 65 0.88
32 66 0.93
32 67 0.04
33 34 0.61
33 35 0.27
33 36 0.5
33 37 0.69
33 38 0.37
33 39 0.38
33 40 0.4
33 41 0.66
33 42 0.42
33 43 0.42
33 44 0.61
33 45 0.56
33 46 0.47
33 47 0.28
33 48 0.61
33 49 0.72
33 50 0.35
33 51 0.71
33 52 0.66
33 53 0.44
33 54 0.67
33 55 0.38
33 56 0
33 57 0.72
33 58 0.8
33 59 0.59
33 60 0.2
33 61 0.79
33 62 0.7
33 63 0.31
33 64 0.24
33 65 0.39
33 66 0.45
33 67 0.52
34 35 0.44
34 36 0.84
34 37 0.28
34 38 1.07
34 39 0.94
34 40 1
34 41 0.31
34 42 0.78
34 43 0.32
34 44 0
34 45 0.03
34 46 0.28
34 47 0.49
34 48 0.02
34 49 0.27
34 50 0.97
34 51 0.26
34 52 0.25
34 53 1
34 54 0.11
34 55 1.05
34 56 0.63
34 57 0.24
34 58 0.89
34 59 0.02
34 60 0.45
34 61 0.24
34 62 0.28
34 63 0.94
34 64 0.56
34 65 0.35
34 66 0.35
34 67 0.89
35 36 0.71
35 37 0.58
35 38 0.61
35 39 0.58
35 40 0.61
35 41 0.65
35 42 0.63
35 43 0.17
35 44 0.5
35 45 0.43
35 46 0.21
35 47 0.03
35 48 0.43
35 49 0.62
35 50 0.61
35 51 0.65
35 52 0.57
35 53 0.64
35 54 0.41
35 55 0.61
35 56 0.25
35 57 0.59
35 58 0.96
35 59 0.47
35 60 0.05
35 61 0.61
35 62 0.44
35 63 0.59
35 64 0.07
35 65 0.13
35 66 0.2
35 67 0.66
36 37 0.7
36 38 0.51
36 39 0.43
36 40 0.5
36 41 0.66
36 42 0.05
36 43 0.75
36 44 0.81
36 45 0.8
36 46 0.86
36 47 0.69
36 48 0.84
36 49 0.75
36 50 0.51
36 51 0.74
36 52 0.65
36 53 0.48
36 54 0.86
36 55 0.48
36 56 0.47
36 57 0.76
36 58 0.31
36 59 0.88
36 60 0.57
36 61 0.8
36 62 0.97
36 63 0.49
36 64 0.68
36 65 0.78
36 66 0.86
36 67 0.03
37 38 1
37 39 1
37 40 0.92
37 41 0
37 42 0.64
37 43 0.56
37 44 0.32
37 45 0.32
37 46 0.51
37 47 0.57
37 48 0.29
37 49 0.05
37 50 0.98
37 51 0.1
37 52 0.09
37 53 1
37 54 0.39
37 55 0.96
37 56 0.65
37 57 0.08
37 58 0.69
37 59 0.3
37 60 0.6
37 61 0.11
37 62 0.59
37 63 0.9
37 64 0.7
37 65 0.59
37 66 0.6
37 67 0.66
38 39 0.05
38 40 0.02
38 41 0.99
38 42 0.49
38 43 0.81
38 44 0.99
38 45 1
38 46 0.83
38 47 0.66
38 48 0.95
38 49 1.09
38 50 0.02
38 51 1.03
38 52 0.94
38 53 0.02
38 54 0.94
38 55 0.04
38 56 0.41
38 57 0.94
38 58 0.77
38 59 0.99
38 60 0.57
38 61 1.09
38 62 1.13
38 63 0.09
38 64 0.61
38 65 0.86
38 66 0.79
38 67 0.45
39 40 0.02
39 41 1.02
39 42 0.42
39 43 0.82
39 44 0.97
39 45 0.96
39 46 0.87
39 47 0.65
39 48 0.93
39 49 0.93
39 50 0.04
39 51 1.01
39 52 1.02
39 53 0.06
39 54 0.92
39 55 0.02
39 56 0.38
39 57 0.95
39 58 0.7
39 59 1.05
39 60 0.58
39 61 1.06
39 62 1.02
39 63 0.11
39 64 0.61
39 65 0.73
39 66 0.73
39 67 0.41
40 41 1.08
40 42 0.45
40 43 0.73
40 44 0.94
40 45 1.06
40 46 0.88
40 47 0.65
40 48 0.96
40 49 1.01
40 50 0.02
40 51 1.13
40 52 0.97
40 53 0.04
40 54 0.95
40 55 0.02
40 56 0.37
40 57 0.97
40 58 0.8
40 59 1.01
40 60 0.59
40 61 1.07
40 62 1.01
40 63 0.1
40 64 0.6
40 65 0.75
40 66 0.77
40 67 0.48
41 42 0.62
41 43 0.64
41 44 0.31
41 45 0.32
41 46 0.53
41 47 0.58
41 48 0.29
41 49 0.05
41 50 1.07
41 51 0.1
41 52 0.09
41 53 1.01
41 54 0.39
41 55 1.07
41 56 0.73
41 57 0.07
41 58 0.68
41 59 0.33
41 60 0.58
41 61 0.11
41 62 0.58
41 63 1.01
41 64 0.67
41 65 0.58
41 66 0.56
41 67 0.71
42 43 0.73
42 44 0.83
42 45 0.69
42 46 0.73
42 47 0.6
42 48 0.75
42 49 0.73
42 50 0.5
42 51 0.72
42 52 0.69
42 53 0.45
42 54 0.81
42 55 0.41
42 56 0.44
42 57 0.74
42 58 0.39
42 59 0.83
42 60 0.57
42 61 0.67
42 62 0.9
42 63 0.48
42 64 0.67
42 65 0.69
42 66 0.83
42 67 0.07
43 44 0.37
43 45 0.34
43 46 0.05
43 47 0.14
43 48 0.36
43 49 0.54
43 50 0.84
43 51 0.53
43 52 0.52
43 53 0.83
43 54 0.28
43 55 0.77
43 56 0.42
43 57 0.54
43 58 1
43 59 0.31
43 60 0.22
43 61 0.57
43 62 0.26
43 63 0.74
43 64 0.23
43 65 0.03
43 66 0.03
43 67 0.77
44 45 0.03
44 46 0.33
44 47 0.45
44 48 0.02
44 49 0.27
44 50 1.08
44 51 0.26
44 52 0.24
44 53 1.02
44 54 0.11
44 55 1.01
44 56 0.67
44 57 0.27
44 58 0.93
44 59 0.02
44 60 0.5
44 61 0.26
44 62 0.28
44 63 0.91
44 64 0.55
44 65 0.39
44 66 0.37
44 67 0.85
45 46 0.3
45 47 0.42
45 48 0.02
45 49 0.27
45 50 0.92
45 51 0.26
45 52 0.23
45 53 0.98
45 54 0.1
45 55 1.06
45 56 0.6
45 57 0.26
45 58 0.92
45 59 0.02
45 60 0.44
45 61 0.28
45 62 0.26
45 63 0.85
45 64 0.49
45 65 0.35
45 66 0.36
45 67 0.84
46 47 0.18
46 48 0.33
46 49 0.49
46 50 0.9
46 51 0.55
46 52 0.47
46 53 0.83
46 54 0.22
46 55 0.81
46 56 0.51
46 57 0.49
46 58 1.01
46 59 0.26
46 60 0.24
46 61 0.57
46 62 0.21
46 63 0.81
46 64 0.29
46 65 0.08
46 66 0.07
46 67 0.81
47 48 0.44
47 49 0.62
47 50 0.65
47 51 0.67
47 52 0.57
47 53 0.62
47 54 0.38
47 55 0.64
47 56 0.26
47 57 0.6
47 58 0.92
47 59 0.43
47 60 0.07
47 61 0.64
47 62 0.39
47 63 0.57
47 64 0.1
47 65 0.11
47 66 0.16
47 67 0.66
48 49 0.24
48 50 0.98
48 51 0.24
48 52 0.2
48 53 1.04
48 54 0.12
48 55 0.98
48 56 0.65
48 57 0.22
48 58 0.96
48 59 0.03
48 60 0.44
48 61 0.24
48 62 0.27
48 63 0.99
48 64 0.51
48 65 0.35
48 66 0.37
48 67 0.8
49 50 1.04
49 51 0.05
49 52 0.07
49 53 1.01
49 54 0.34
49 55 0.97
49 56 0.74
49 57 0.03
49 58 0.74
49 59 0.28
49 60 0.58
49 61 0.07
49 62 0.54
49 63 0.94
49 64 0.68
49 65 0.55
49 66 0.59
49 67 0.75
50 51 1.13
50 52 1.05
50 53 0.03
50 54 0.98
50 55 0.03
50 56 0.38
50 57 0.93
50 58 0.8
50 59 0.98
50 60 0.6
50 61 1.09
50 62 0.99
50 63 0.08
50 64 0.62
50 65 0.74
50 66 0.8
50 67 0.42
51 52 0.1
51 53 1.02
51 54 0.35
51 55 1.03
51 56 0.76
51 57 0.05
51 58 0.77
51 59 0.26
51 60 0.62
51 61 0.02
51 62 0.52
51 63 1.09
51 64 0.69
51 65 0.56
51 66 0.68
51 67 0.87
52 53 0.95
52 54 0.33
52 55 0.91
52 56 0.63
52 57 0.05
52 58 0.71
52 59 0.24
52 60 0.49
52 61 0.12
52 62 0.51
52 63 0.91
52 64 0.61
52 65 0.5
52 66 0.52
52 67 0.68
53 54 1.02
53 55 0.05
53 56 0.37
53 57 1.06
53 58 0.89
53 59 0.93
53 60 0.59
53 61 1.03
53 62 0.98
53 63 0.1
53 64 0.6
53 65 0.77
53 66 0.82
53 67 0.49
54 55 0.98
54 56 0.66
54 57 0.36
54 58 1.07
54 59 0.08
54 60 0.4
54 61 0.34
54 62 0.17
54 63 0.99
54 64 0.47
54 65 0.29
54 66 0.29
54 67 0.93
55 56 0.38
55 57 1.01
55 58 0.83
55 59 0.9
55 60 0.62
55 61 1.03
55 62 1.16
55 63 0.11
55 64 0.6
55 65 0.75
55 66 0.81
55 67 0.44
56 57 0.74
56 58 0.76
56 59 0.61
56 60 0.2
56 61 0.76
56 62 0.71
56 63 0.32
56 64 0.21
56 65 0.39
56 66 0.42
56 67 0.46
57 58 0.76
57 59 0.24
57 60 0.6
57 61 0.06
57 62 0.54
57 63 1.06
57 64 0.64
57 65 0.54
57 66 0.57
57 67 0.76
58 59 0.92
58 60 0.91
58 61 0.81
58 62 1.19
58 63 0.81
58 64 1.01
58 65 1
58 66 1.08
58 67 0.36
59 60 0.46
59 61 0.3
59 62 0.26
59 63 0.84
59 64 0.54
59 65 0.34
59 66 0.33
59 67 0.87
60 61 0.64
60 62 0.5
60 63 0.49
60 64 0.1
60 65 0.2
60 66 0.22
60 67 0.63
61 62 0.5
61 63 0.95
61 64 0.75
61 65 0.59
61 66 0.58
61 67 0.89
62 63 0.9
62 64 0.46
62 65 0.29
62 66 0.26
62 67 0.96
63 64 0.47
63 65 0.64
63 66 0.71
63 67 0.5
64 65 0.2
64 66 0.24
64 67 0.73
65 66 0.04
65 67 0.78
66 67 0.78