0 1 0.27
0 2 0.54
0 3 0.22
0 4 0.62
0 5 0.53
0 6 0.78
0 7 0.17
0 8 0.27
0 9 0.28
0 10 0.33
0 11 0.32
0 12 0.27
0 13 0.35
0 14 0.56
0 15 0.5
0 16 0.35
0 17 0.22
0 18 0.3
0 19 0.5
0 20 0.48
0 21 0.29
0 22 0.52
0 23 0.48
0 24 0.53
0 25 0.45
0 26 0.23
0 27 0.31
0 28 0.41
0 29 0.28
0 30 0.18
0 31 0.22
0 32 0.21
0 33 0.24
0 34 0.37
0 35 0.61
0 36 0.51
0 37 0.26
0 38 0.34
0 39 0.55
0 40 0.4
0 41 0.24
0 42 0.59
0 43 0.33
0 44 0.73
0 45 0.73
0 46 0.2
0 47 0.31
0 48 0.54
0 49 0.32
0 50 0.3
0 51 0.62
0 52 0.29
0 53 0.8
0 54 0.25
0 55 0.58
0 56 0.36
0 57 0.44
0 58 0.73
0 59 0.57
0 60 0.51
0 61 0.31
0 62 0.28
0 63 0.57
1 2 0.4
1 3 0.45
1 4 0.8
1 5 0.85
1 6 0.93
1 7 0.22
1 8 0.29
1 9 0.55
1 10 0.52
1 11 0.51
1 12 0.53
1 13 0.49
1 14 0.79
1 15 0.77
1 16 0.46
1 17 0.27
1 18 0.55
1 19 0.77
1 20 0.4
1 21 0.3
1 22 0.84
1 23 0.35
1 24 0.74
1 25 0.35
1 26 0.1
1 27 0.32
1 28 0.54
1 29 0.54
1 30 0.2
1 31 0.25
1 32 0.44
1 33 0.45
1 34 0.33
1 35 0.8
1 36 0.81
1 37 0.48
1 38 0.32
1 39 0.38
1 40 0.37
1 41 0.19
1 42 0.38
1 43 0.11
1 44 0.82
1 45 0.87
1 46 0.21
1 47 0.56
1 48 0.8
1 49 0.09
1 50 0.57
1 51 0.85
1 52 0.04
1 53 0.94
1 54 0.24
1 55 0.81
1 56 0.53
1 57 0.33
1 58 0.91
1 59 0.84
1 60 0.77
1 61 0.54
1 62 0.06
1 63 0.45
2 3 0.72
2 4 1.03
2 5 1.01
2 6 0.74
2 7 0.61
2 8 0.69
2 9 0.71
2 10 0.85
2 11 0.82
2 12 0.85
2 13 0.94
2 14 0.96
2 15 1
2 16 0.89
2 17 0.7
2 18 0.86
2 19 0.96
2 20 0.06
2 21 0.71
2 22 1
2 23 0.12
2 24 0.98
2 25 0.12
2 26 0.57
2 27 0.73
2 28 0.93
2 29 0.86
2 30 0.61
2 31 0.72
2 32 0.72
2 33 0.79
2 34 0.76
2 35 1.02
2 36 0.92
2 37 0.76
2 38 0.74
2 39 0.1
2 40 0.81
2 41 0.58
2 42 0.06
2 43 0.47
2 44 0.67
2 45 0.58
2 46 0.63
2 47 0.88
2 48 0.97
2 49 0.49
2 50 0.89
2 51 1.13
2 52 0.45
2 53 0.68
2 54 0.69
2 55 1.07
2 56 0.89
2 57 0.09
2 58 0.65
2 59 1.05
2 60 0.97
2 61 0.85
2 62 0.48
2 63 0.03
3 4 0.36
3 5 0.34
3 6 0.88
3 7 0.36
3 8 0.42
3 9 0.06
3 10 0.16
3 11 0.24
3 12 0.13
3 13 0.33
3 14 0.35
3 15 0.26
3 16 0.34
3 17 0.36
3 18 0.16
3 19 0.26
3 20 0.65
3 21 0.43
3 22 0.33
3 23 0.69
3 24 0.29
3 25 0.68
3 26 0.5
3 27 0.41
3 28 0.36
3 29 0.19
3 30 0.34
3 31 0.4
3 32 0.02
3 33 0.18
3 34 0.5
3 35 0.31
3 36 0.32
3 37 0.08
3 38 0.43
3 39 0.76
3 40 0.55
3 41 0.41
3 42 0.78
3 43 0.54
3 44 0.73
3 45 0.78
3 46 0.39
3 47 0.17
3 48 0.31
3 49 0.5
3 50 0.18
3 51 0.41
3 52 0.47
3 53 0.85
3 54 0.41
3 55 0.36
3 56 0.36
3 57 0.66
3 58 0.75
3 59 0.36
3 60 0.33
3 61 0.18
3 62 0.49
3 63 0.68
4 5 0.05
4 6 0.86
4 7 0.71
4 8 0.79
4 9 0.37
4 10 0.36
4 11 0.48
4 12 0.34
4 13 0.52
4 14 0.04
4 15 0.09
4 16 0.58
4 17 0.74
4 18 0.4
4 19 0.11
4 20 1.04
4 21 0.77
4 22 0.1
4 23 0.99
4 24 0.07
4 25 0.99
4 26 0.79
4 27 0.75
4 28 0.51
4 29 0.46
4 30 0.68
4 31 0.71
4 32 0.38
4 33 0.44
4 34 0.78
4 35 0.06
4 36 0.08
4 37 0.36
4 38 0.72
4 39 1
4 40 0.87
4 41 0.75
4 42 1.03
4 43 1.01
4 44 0.9
4 45 0.89
4 46 0.7
4 47 0.39
4 48 0.07
4 49 0.97
4 50 0.38
4 51 0.11
4 52 0.86
4 53 0.82
4 54 0.75
4 55 0.14
4 56 0.59
4 57 1.03
4 58 0.9
4 59 0.05
4 60 0.08
4 61 0.38
4 62 0.88
4 63 1.06
5 6 0.86
5 7 0.61
5 8 0.75
5 9 0.34
5 10 0.33
5 11 0.48
5 12 0.34
5 13 0.52
5 14 0.06
5 15 0.06
5 16 0.58
5 17 0.74
5 18 0.39
5 19 0.08
5 20 0.95
5 21 0.76
5 22 0.11
5 23 0.9
5 24 0.04
5 25 0.96
5 26 0.82
5 27 0.79
5 28 0.51
5 29 0.4
5 30 0.68
5 31 0.7
5 32 0.35
5 33 0.39
5 34 0.77
5 35 0.07
5 36 0.09
5 37 0.33
5 38 0.78
5 39 0.97
5 40 0.77
5 41 0.72
5 42 1.02
5 43 0.86
5 44 0.79
5 45 0.78
5 46 0.74
5 47 0.39
5 48 0.09
5 49 0.9
5 50 0.37
5 51 0.14
5 52 0.88
5 53 0.88
5 54 0.71
5 55 0.16
5 56 0.6
5 57 0.94
5 58 0.81
5 59 0.08
5 60 0.08
5 61 0.4
5 62 0.79
5 63 0.94
6 7 1.05
6 8 1.16
6 9 0.83
6 10 0.88
6 11 1.08
6 12 0.98
6 13 1.09
6 14 0.89
6 15 0.86
6 16 1.09
6 17 1.17
6 18 1.05
6 19 0.84
6 20 0.72
6 21 1.22
6 22 0.88
6 23 0.8
6 24 0.93
6 25 0.75
6 26 1.09
6 27 1.1
6 28 1.19
6 29 1.1
6 30 1.02
6 31 1.04
6 32 0.84
6 33 0.96
6 34 1.25
6 35 0.91
6 36 0.95
6 37 0.86
6 38 1.17
6 39 0.78
6 40 1.29
6 41 1.06
6 42 0.77
6 43 1.05
6 44 0.09
6 45 0.1
6 46 1
6 47 1.02
6 48 0.93
6 49 1.08
6 50 0.94
6 51 1.05
6 52 1.07
6 53 0.04
6 54 1.12
6 55 0.9
6 56 1.08
6 57 0.8
6 58 0.09
6 59 0.89
6 60 0.85
6 61 1.06
6 62 0.99
6 63 0.76
7 8 0.11
7 9 0.34
7 10 0.34
7 11 0.3
7 12 0.37
7 13 0.33
7 14 0.64
7 15 0.62
7 16 0.26
7 17 0.06
7 18 0.32
7 19 0.59
7 20 0.59
7 21 0.13
7 22 0.59
7 23 0.5
7 24 0.65
7 25 0.49
7 26 0.14
7 27 0.15
7 28 0.37
7 29 0.3
7 30 0.02
7 31 0.08
7 32 0.33
7 33 0.29
7 34 0.19
7 35 0.7
7 36 0.6
7 37 0.35
7 38 0.16
7 39 0.53
7 40 0.23
7 41 0.06
7 42 0.54
7 43 0.25
7 44 0.94
7 45 0.93
7 46 0.04
7 47 0.3
7 48 0.66
7 49 0.23
7 50 0.32
7 51 0.67
7 52 0.22
7 53 0.98
7 54 0.08
7 55 0.65
7 56 0.3
7 57 0.59
7 58 0.96
7 59 0.68
7 60 0.63
7 61 0.33
7 62 0.19
7 63 0.6
8 9 0.41
8 10 0.35
8 11 0.32
8 12 0.4
8 13 0.29
8 14 0.71
8 15 0.75
8 16 0.25
8 17 0.07
8 18 0.4
8 19 0.64
8 20 0.65
8 21 0.02
8 22 0.68
8 23 0.61
8 24 0.67
8 25 0.57
8 26 0.17
8 27 0.04
8 28 0.36
8 29 0.33
8 30 0.1
8 31 0.06
8 32 0.44
8 33 0.3
8 34 0.09
8 35 0.68
8 36 0.64
8 37 0.4
8 38 0.06
8 39 0.61
8 40 0.11
8 41 0.09
8 42 0.7
8 43 0.25
8 44 1.02
8 45 1.09
8 46 0.09
8 47 0.34
8 48 0.63
8 49 0.26
8 50 0.35
8 51 0.81
8 52 0.25
8 53 1.15
8 54 0.04
8 55 0.71
8 56 0.31
8 57 0.6
8 58 1.05
8 59 0.78
8 60 0.68
8 61 0.35
8 62 0.25
8 63 0.72
9 10 0.08
9 11 0.21
9 12 0.06
9 13 0.29
9 14 0.3
9 15 0.27
9 16 0.25
9 17 0.36
9 18 0.1
9 19 0.24
9 20 0.8
9 21 0.39
9 22 0.28
9 23 0.78
9 24 0.27
9 25 0.71
9 26 0.43
9 27 0.45
9 28 0.3
9 29 0.14
9 30 0.38
9 31 0.33
9 32 0.05
9 33 0.12
9 34 0.44
9 35 0.31
9 36 0.28
9 37 0.02
9 38 0.41
9 39 0.78
9 40 0.54
9 41 0.42
9 42 0.8
9 43 0.57
9 44 0.8
9 45 0.82
9 46 0.36
9 47 0.12
9 48 0.28
9 49 0.51
9 50 0.1
9 51 0.35
9 52 0.52
9 53 0.88
9 54 0.42
9 55 0.32
9 56 0.28
9 57 0.75
9 58 0.83
9 59 0.32
9 60 0.28
9 61 0.11
9 62 0.49
9 63 0.74
10 11 0.11
10 12 0.03
10 13 0.21
10 14 0.34
10 15 0.31
10 16 0.2
10 17 0.32
10 18 0.01
10 19 0.28
10 20 0.76
10 21 0.41
10 22 0.3
10 23 0.73
10 24 0.33
10 25 0.71
10 26 0.48
10 27 0.41
10 28 0.19
10 29 0.07
10 30 0.36
10 31 0.32
10 32 0.15
10 33 0.07
10 34 0.45
10 35 0.31
10 36 0.3
10 37 0.07
10 38 0.37
10 39 0.82
10 40 0.46
10 41 0.39
10 42 0.82
10 43 0.57
10 44 0.87
10 45 0.86
10 46 0.38
10 47 0.04
10 48 0.32
10 49 0.58
10 50 0.02
10 51 0.34
10 52 0.57
10 53 0.96
10 54 0.38
10 55 0.31
10 56 0.19
10 57 0.72
10 58 0.89
10 59 0.36
10 60 0.28
10 61 0.03
10 62 0.55
10 63 0.84
11 12 0.15
11 13 0.08
11 14 0.43
11 15 0.4
11 16 0.11
11 17 0.29
11 18 0.11
11 19 0.34
11 20 0.89
11 21 0.34
11 22 0.37
11 23 0.86
11 24 0.42
11 25 0.8
11 26 0.43
11 27 0.31
11 28 0.08
11 29 0.05
11 30 0.34
11 31 0.29
11 32 0.24
11 33 0.1
11 34 0.36
11 35 0.42
11 36 0.38
11 37 0.18
11 38 0.32
11 39 0.8
11 40 0.35
11 41 0.36
11 42 0.86
11 43 0.57
11 44 1.08
11 45 0.93
11 46 0.32
11 47 0.08
11 48 0.4
11 49 0.6
11 50 0.1
11 51 0.47
11 52 0.51
11 53 1.03
11 54 0.37
11 55 0.37
11 56 0.1
11 57 0.88
11 58 0.99
11 59 0.4
11 60 0.37
11 61 0.08
11 62 0.49
11 63 0.9
12 13 0.21
12 14 0.34
12 15 0.27
12 16 0.22
12 17 0.35
12 18 0.05
12 19 0.26
12 20 0.77
12 21 0.42
12 22 0.29
12 23 0.79
12 24 0.27
12 25 0.75
12 26 0.46
12 27 0.39
12 28 0.23
12 29 0.09
12 30 0.34
12 31 0.34
12 32 0.11
12 33 0.1
12 34 0.43
12 35 0.3
12 36 0.26
12 37 0.04
12 38 0.44
12 39 0.78
12 40 0.49
12 41 0.4
12 42 0.82
12 43 0.62
12 44 0.85
12 45 0.83
12 46 0.4
12 47 0.07
12 48 0.29
12 49 0.6
12 50 0.05
12 51 0.34
12 52 0.54
12 53 0.94
12 54 0.37
12 55 0.3
12 56 0.24
12 57 0.76
12 58 0.96
12 59 0.33
12 60 0.26
12 61 0.07
12 62 0.5
12 63 0.8
13 14 0.53
13 15 0.51
13 16 0.03
13 17 0.27
13 18 0.17
13 19 0.49
13 20 0.92
13 21 0.28
13 22 0.47
13 23 0.81
13 24 0.57
13 25 0.77
13 26 0.45
13 27 0.26
13 28 0.09
13 29 0.12
13 30 0.32
13 31 0.24
13 32 0.3
13 33 0.16
13 34 0.31
13 35 0.53
13 36 0.51
13 37 0.27
13 38 0.28
13 39 0.88
13 40 0.32
13 41 0.33
13 42 0.87
13 43 0.52
13 44 1.06
13 45 1.12
13 46 0.3
13 47 0.16
13 48 0.48
13 49 0.51
13 50 0.18
13 51 0.52
13 52 0.49
13 53 1.23
13 54 0.31
13 55 0.45
13 56 0.02
13 57 0.79
13 58 1.17
13 59 0.51
13 60 0.46
13 61 0.16
13 62 0.5
13 63 0.91
14 15 0.07
14 16 0.51
14 17 0.67
14 18 0.33
14 19 0.09
14 20 0.92
14 21 0.74
14 22 0.06
14 23 1.01
14 24 0.05
14 25 0.93
14 26 0.82
14 27 0.7
14 28 0.45
14 29 0.4
14 30 0.68
14 31 0.7
14 32 0.36
14 33 0.42
14 34 0.85
14 35 0.02
14 36 0.05
14 37 0.33
14 38 0.69
14 39 1.05
14 40 0.86
14 41 0.76
14 42 1.06
14 43 0.94
14 44 0.79
14 45 0.86
14 46 0.73
14 47 0.35
14 48 0.05
14 49 0.85
14 50 0.36
14 51 0.1
14 52 0.81
14 53 0.88
14 54 0.68
14 55 0.1
14 56 0.51
14 57 0.94
14 58 0.84
14 59 0.02
14 60 0.05
14 61 0.35
14 62 0.81
14 63 1.08
15 16 0.46
15 17 0.67
15 18 0.32
15 19 0.02
15 20 0.91
15 21 0.71
15 22 0.1
15 23 1.02
15 24 0.02
15 25 0.93
15 26 0.71
15 27 0.69
15 28 0.46
15 29 0.36
15 30 0.57
15 31 0.62
15 32 0.28
15 33 0.35
15 34 0.73
15 35 0.05
15 36 0.04
15 37 0.29
15 38 0.74
15 39 0.95
15 40 0.8
15 41 0.65
15 42 1.01
15 43 0.82
15 44 0.82
15 45 0.84
15 46 0.62
15 47 0.34
15 48 0.05
15 49 0.88
15 50 0.32
15 51 0.13
15 52 0.71
15 53 0.88
15 54 0.64
15 55 0.13
15 56 0.48
15 57 0.93
15 58 0.85
15 59 0.09
15 60 0.05
15 61 0.33
15 62 0.81
15 63 1
16 17 0.22
16 18 0.19
16 19 0.46
16 20 0.82
16 21 0.24
16 22 0.53
16 23 0.73
16 24 0.53
16 25 0.78
16 26 0.38
16 27 0.23
16 28 0.12
16 29 0.13
16 30 0.26
16 31 0.21
16 32 0.31
16 33 0.16
16 34 0.26
16 35 0.55
16 36 0.5
16 37 0.27
16 38 0.23
16 39 0.82
16 40 0.28
16 41 0.33
16 42 0.82
16 43 0.49
16 44 1.01
16 45 1.14
16 46 0.26
16 47 0.18
16 48 0.5
16 49 0.45
16 50 0.2
16 51 0.56
16 52 0.47
16 53 1.12
16 54 0.27
16 55 0.53
16 56 0.05
16 57 0.81
16 58 1.09
16 59 0.52
16 60 0.49
16 61 0.17
16 62 0.45
16 63 0.89
17 18 0.33
17 19 0.61
17 20 0.61
17 21 0.09
17 22 0.64
17 23 0.61
17 24 0.63
17 25 0.59
17 26 0.16
17 27 0.1
17 28 0.35
17 29 0.29
17 30 0.04
17 31 0.02
17 32 0.33
17 33 0.25
17 34 0.14
17 35 0.63
17 36 0.66
17 37 0.32
17 38 0.11
17 39 0.65
17 40 0.18
17 41 0.07
17 42 0.61
17 43 0.3
17 44 0.95
17 45 1.03
17 46 0.05
17 47 0.3
17 48 0.61
17 49 0.25
17 50 0.33
17 51 0.63
17 52 0.25
17 53 1.04
17 54 0.05
17 55 0.65
17 56 0.27
17 57 0.56
17 58 0.95
17 59 0.65
17 60 0.69
17 61 0.35
17 62 0.2
17 63 0.7
18 19 0.32
18 20 0.83
18 21 0.4
18 22 0.32
18 23 0.86
18 24 0.33
18 25 0.82
18 26 0.46
18 27 0.36
18 28 0.17
18 29 0.05
18 30 0.35
18 31 0.3
18 32 0.17
18 33 0.07
18 34 0.45
18 35 0.34
18 36 0.3
18 37 0.08
18 38 0.39
18 39 0.86
18 40 0.47
18 41 0.38
18 42 0.84
18 43 0.54
18 44 0.86
18 45 0.86
18 46 0.34
18 47 0.02
18 48 0.33
18 49 0.56
18 50 0
18 51 0.39
18 52 0.52
18 53 1.04
18 54 0.4
18 55 0.3
18 56 0.19
18 57 0.83
18 58 1
18 59 0.39
18 60 0.34
18 61 0.02
18 62 0.47
18 63 0.81
19 20 0.94
19 21 0.69
19 22 0.1
19 23 0.93
19 24 0.05
19 25 0.9
19 26 0.65
19 27 0.63
19 28 0.41
19 29 0.33
19 30 0.64
19 31 0.6
19 32 0.25
19 33 0.35
19 34 0.72
19 35 0.06
19 36 0.05
19 37 0.27
19 38 0.69
19 39 0.89
19 40 0.72
19 41 0.69
19 42 0.98
19 43 0.85
19 44 0.82
19 45 0.82
19 46 0.64
19 47 0.33
19 48 0.05
19 49 0.83
19 50 0.27
19 51 0.15
19 52 0.68
19 53 0.79
19 54 0.63
19 55 0.13
19 56 0.48
19 57 0.94
19 58 0.88
19 59 0.1
19 60 0.05
19 61 0.29
19 62 0.69
19 63 0.91
20 21 0.68
20 22 0.94
20 23 0.06
20 24 0.89
20 25 0.06
20 26 0.49
20 27 0.71
20 28 0.84
20 29 0.89
20 30 0.63
20 31 0.62
20 32 0.69
20 33 0.76
20 34 0.74
20 35 0.98
20 36 1.02
20 37 0.74
20 38 0.76
20 39 0.06
20 40 0.73
20 41 0.61
20 42 0.05
20 43 0.45
20 44 0.68
20 45 0.61
20 46 0.58
20 47 0.8
20 48 0.91
20 49 0.43
20 50 0.8
20 51 0.96
20 52 0.39
20 53 0.74
20 54 0.68
20 55 1.03
20 56 0.81
20 57 0.03
20 58 0.64
20 59 1.04
20 60 0.96
20 61 0.83
20 62 0.43
20 63 0.05
21 22 0.63
21 23 0.65
21 24 0.75
21 25 0.64
21 26 0.19
21 27 0.02
21 28 0.4
21 29 0.37
21 30 0.12
21 31 0.07
21 32 0.44
21 33 0.33
21 34 0.07
21 35 0.69
21 36 0.68
21 37 0.4
21 38 0.05
21 39 0.69
21 40 0.1
21 41 0.09
21 42 0.73
21 43 0.29
21 44 0.97
21 45 1.04
21 46 0.11
21 47 0.35
21 48 0.66
21 49 0.26
21 50 0.36
21 51 0.73
21 52 0.29
21 53 1.21
21 54 0.05
21 55 0.67
21 56 0.29
21 57 0.64
21 58 1.02
21 59 0.71
21 60 0.69
21 61 0.37
21 62 0.24
21 63 0.72
22 23 0.92
22 24 0.09
22 25 0.98
22 26 0.79
22 27 0.68
22 28 0.43
22 29 0.34
22 30 0.67
22 31 0.62
22 32 0.3
22 33 0.37
22 34 0.82
22 35 0.05
22 36 0.05
22 37 0.29
22 38 0.74
22 39 0.98
22 40 0.71
22 41 0.67
22 42 1.1
22 43 0.85
22 44 1
22 45 0.83
22 46 0.66
22 47 0.35
22 48 0.04
22 49 0.84
22 50 0.31
22 51 0.06
22 52 0.86
22 53 0.96
22 54 0.67
22 55 0.05
22 56 0.46
22 57 0.92
22 58 0.87
22 59 0.05
22 60 0.05
22 61 0.31
22 62 0.81
22 63 0.95
23 24 0.93
23 25 0
23 26 0.42
23 27 0.63
23 28 0.94
23 29 0.85
23 30 0.51
23 31 0.6
23 32 0.65
23 33 0.66
23 34 0.63
23 35 0.93
23 36 1.04
23 37 0.71
23 38 0.65
23 39 0.05
23 40 0.68
23 41 0.48
23 42 0.07
23 43 0.41
23 44 0.71
23 45 0.7
23 46 0.56
23 47 0.8
23 48 0.99
23 49 0.39
23 50 0.78
23 51 1.07
23 52 0.33
23 53 0.74
23 54 0.54
23 55 1.03
23 56 0.84
23 57 0.03
23 58 0.76
23 59 0.98
23 60 0.89
23 61 0.73
23 62 0.42
23 63 0.09
24 25 1.01
24 26 0.75
24 27 0.71
24 28 0.45
24 29 0.37
24 30 0.67
24 31 0.65
24 32 0.29
24 33 0.4
24 34 0.71
24 35 0.05
24 36 0.05
24 37 0.29
24 38 0.65
24 39 0.95
24 40 0.78
24 41 0.69
24 42 0.98
24 43 0.86
24 44 0.85
24 45 0.85
24 46 0.68
24 47 0.35
24 48 0.05
24 49 0.89
24 50 0.31
24 51 0.14
24 52 0.82
24 53 0.77
24 54 0.66
24 55 0.14
24 56 0.48
24 57 0.86
24 58 0.87
24 59 0.08
24 60 0.05
24 61 0.34
24 62 0.81
24 63 0.96
25 26 0.46
25 27 0.64
25 28 0.84
25 29 0.75
25 30 0.55
25 31 0.61
25 32 0.69
25 33 0.72
25 34 0.63
25 35 0.94
25 36 0.95
25 37 0.72
25 38 0.66
25 39 0.05
25 40 0.66
25 41 0.52
25 42 0.07
25 43 0.4
25 44 0.78
25 45 0.7
25 46 0.54
25 47 0.76
25 48 0.9
25 49 0.36
25 50 0.73
25 51 1.06
25 52 0.34
25 53 0.78
25 54 0.56
25 55 1.1
25 56 0.77
25 57 0.03
25 58 0.68
25 59 1.08
25 60 0.88
25 61 0.71
25 62 0.44
25 63 0.09
26 27 0.22
26 28 0.49
26 29 0.43
26 30 0.14
26 31 0.2
26 32 0.47
26 33 0.44
26 34 0.22
26 35 0.8
26 36 0.81
26 37 0.47
26 38 0.23
26 39 0.45
26 40 0.27
26 41 0.1
26 42 0.47
26 43 0.11
26 44 0.9
26 45 0.91
26 46 0.12
26 47 0.44
26 48 0.77
26 49 0.09
26 50 0.5
26 51 0.83
26 52 0.1
26 53 1.08
26 54 0.14
26 55 0.83
26 56 0.45
26 57 0.43
26 58 0.88
26 59 0.83
26 60 0.74
26 61 0.48
26 62 0.05
26 63 0.54
27 28 0.36
27 29 0.32
27 30 0.13
27 31 0.09
27 32 0.41
27 33 0.33
27 34 0.05
27 35 0.69
27 36 0.7
27 37 0.43
27 38 0.02
27 39 0.68
27 40 0.09
27 41 0.12
27 42 0.72
27 43 0.3
27 44 1.06
27 45 1.09
27 46 0.12
27 47 0.34
27 48 0.7
27 49 0.29
27 50 0.38
27 51 0.71
27 52 0.29
27 53 1.18
27 54 0.07
27 55 0.72
27 56 0.27
27 57 0.67
27 58 1.17
27 59 0.8
27 60 0.71
27 61 0.34
27 62 0.24
27 63 0.72
28 29 0.14
28 30 0.36
28 31 0.35
28 32 0.31
28 33 0.17
28 34 0.4
28 35 0.46
28 36 0.42
28 37 0.26
28 38 0.34
28 39 0.86
28 40 0.37
28 41 0.44
28 42 0.92
28 43 0.61
28 44 1.04
28 45 1.11
28 46 0.4
28 47 0.16
28 48 0.39
28 49 0.56
28 50 0.19
28 51 0.42
28 52 0.64
28 53 1.19
28 54 0.39
28 55 0.39
28 56 0.07
28 57 0.92
28 58 1.15
28 59 0.44
28 60 0.41
28 61 0.17
28 62 0.51
28 63 0.94
29 30 0.32
29 31 0.31
29 32 0.19
29 33 0.06
29 34 0.41
29 35 0.38
29 36 0.35
29 37 0.14
29 38 0.31
29 39 0.89
29 40 0.4
29 41 0.38
29 42 0.78
29 43 0.55
29 44 1.02
29 45 0.91
29 46 0.33
29 47 0.03
29 48 0.4
29 49 0.56
29 50 0.05
29 51 0.42
29 52 0.49
29 53 0.92
29 54 0.32
29 55 0.36
29 56 0.15
29 57 0.83
29 58 1
29 59 0.43
29 60 0.36
29 61 0.04
29 62 0.52
29 63 0.79
30 31 0.07
30 32 0.35
30 33 0.25
30 34 0.18
30 35 0.69
30 36 0.64
30 37 0.34
30 38 0.14
30 39 0.56
30 40 0.22
30 41 0.04
30 42 0.6
30 43 0.22
30 44 0.96
30 45 0.95
30 46 0.02
30 47 0.31
30 48 0.6
30 49 0.21
30 50 0.37
30 51 0.7
30 52 0.22
30 53 1.02
30 54 0.07
30 55 0.6
30 56 0.32
30 57 0.56
30 58 0.92
30 59 0.69
30 60 0.64
30 61 0.34
30 62 0.19
30 63 0.58
31 32 0.35
31 33 0.26
31 34 0.13
31 35 0.67
31 36 0.64
31 37 0.32
31 38 0.1
31 39 0.63
31 40 0.18
31 41 0.09
31 42 0.68
31 43 0.29
31 44 1
31 45 1.03
31 46 0.08
31 47 0.29
31 48 0.64
31 49 0.28
31 50 0.32
31 51 0.72
31 52 0.28
31 53 1.03
31 54 0.05
31 55 0.59
31 56 0.26
31 57 0.61
31 58 1.03
31 59 0.67
31 60 0.61
31 61 0.32
31 62 0.23
31 63 0.68
32 33 0.16
32 34 0.47
32 35 0.31
32 36 0.32
32 37 0.07
32 38 0.43
32 39 0.71
32 40 0.49
32 41 0.41
32 42 0.71
32 43 0.56
32 44 0.72
32 45 0.8
32 46 0.4
32 47 0.16
32 48 0.32
32 49 0.49
32 50 0.15
32 51 0.38
32 52 0.53
32 53 0.78
32 54 0.36
32 55 0.36
32 56 0.31
32 57 0.61
32 58 0.81
32 59 0.38
32 60 0.31
32 61 0.16
32 62 0.52
32 63 0.77
33 34 0.39
33 35 0.39
33 36 0.37
33 37 0.09
33 38 0.33
33 39 0.84
33 40 0.39
33 41 0.32
33 42 0.73
33 43 0.56
33 44 0.94
33 45 0.89
33 46 0.28
33 47 0.05
33 48 0.38
33 49 0.5
33 50 0.07
33 51 0.4
33 52 0.5
33 53 1.01
33 54 0.31
33 55 0.38
33 56 0.19
33 57 0.73
33 58 0.88
33 59 0.42
33 60 0.37
33 61 0.07
33 62 0.48
33 63 0.83
34 35 0.78
34 36 0.69
34 37 0.46
34 38 0.05
34 39 0.8
34 40 0.03
34 41 0.16
34 42 0.71
34 43 0.31
34 44 1.04
34 45 1.25
34 46 0.16
34 47 0.37
34 48 0.71
34 49 0.32
34 50 0.44
34 51 0.75
34 52 0.31
34 53 1.28
34 54 0.12
34 55 0.7
34 56 0.3
34 57 0.65
34 58 1.27
34 59 0.81
34 60 0.74
34 61 0.4
34 62 0.27
34 63 0.77
35 36 0.02
35 37 0.34
35 38 0.71
35 39 1.01
35 40 0.8
35 41 0.69
35 42 0.93
35 43 0.92
35 44 0.78
35 45 0.85
35 46 0.64
35 47 0.32
35 48 0.02
35 49 0.93
35 50 0.34
35 51 0.1
35 52 0.83
35 53 0.83
35 54 0.64
35 55 0.09
35 56 0.53
35 57 0.93
35 58 0.86
35 59 0.03
35 60 0.02
35 61 0.37
35 62 0.77
35 63 1.04
36 37 0.29
36 38 0.77
36 39 1.01
36 40 0.73
36 41 0.68
36 42 1.02
36 43 0.89
36 44 0.83
36 45 0.89
36 46 0.72
36 47 0.33
36 48 0
36 49 0.83
36 50 0.31
36 51 0.11
36 52 0.84
36 53 0.9
36 54 0.64
36 55 0.08
36 56 0.48
36 57 0.93
36 58 0.92
36 59 0.05
36 60 0
36 61 0.31
36 62 0.86
36 63 1.06
37 38 0.43
37 39 0.85
37 40 0.52
37 41 0.39
37 42 0.73
37 43 0.57
37 44 0.86
37 45 0.84
37 46 0.34
37 47 0.1
37 48 0.27
37 49 0.56
37 50 0.08
37 51 0.35
37 52 0.52
37 53 0.91
37 54 0.36
37 55 0.32
37 56 0.26
37 57 0.75
37 58 0.81
37 59 0.32
37 60 0.29
37 61 0.1
37 62 0.52
37 63 0.76
38 39 0.73
38 40 0.08
38 41 0.15
38 42 0.73
38 43 0.33
38 44 1
38 45 1.07
38 46 0.16
38 47 0.37
38 48 0.64
38 49 0.32
38 50 0.37
38 51 0.77
38 52 0.31
38 53 1.24
38 54 0.09
38 55 0.72
38 56 0.28
38 57 0.63
38 58 1.17
38 59 0.74
38 60 0.71
38 61 0.34
38 62 0.28
38 63 0.81
39 40 0.76
39 41 0.6
39 42 0.03
39 43 0.4
39 44 0.71
39 45 0.73
39 46 0.55
39 47 0.87
39 48 0.97
39 49 0.45
39 50 0.89
39 51 1.21
39 52 0.39
39 53 0.82
39 54 0.65
39 55 1.13
39 56 0.92
39 57 0.05
39 58 0.77
39 59 1.14
39 60 0.99
39 61 0.82
39 62 0.44
39 63 0.06
40 41 0.18
40 42 0.74
40 43 0.32
40 44 1.18
40 45 1.09
40 46 0.19
40 47 0.44
40 48 0.78
40 49 0.3
40 50 0.41
40 51 0.8
40 52 0.38
40 53 1.31
40 54 0.14
40 55 0.82
40 56 0.33
40 57 0.71
40 58 1.25
40 59 0.77
40 60 0.73
40 61 0.48
40 62 0.3
40 63 0.81
41 42 0.62
41 43 0.2
41 44 0.98
41 45 0.97
41 46 0.02
41 47 0.38
41 48 0.67
41 49 0.2
41 50 0.37
41 51 0.72
41 52 0.19
41 53 1.03
41 54 0.05
41 55 0.66
41 56 0.35
41 57 0.55
41 58 1.02
41 59 0.78
41 60 0.71
41 61 0.37
41 62 0.16
41 63 0.65
42 43 0.46
42 44 0.66
42 45 0.71
42 46 0.58
42 47 0.84
42 48 1.07
42 49 0.48
42 50 0.86
42 51 1.06
42 52 0.42
42 53 0.76
42 54 0.65
42 55 1.13
42 56 0.88
42 57 0.05
42 58 0.72
42 59 1.04
42 60 1.1
42 61 0.86
42 62 0.51
42 63 0.03
43 44 1
43 45 0.9
43 46 0.23
43 47 0.57
43 48 0.84
43 49 0.02
43 50 0.55
43 51 0.92
43 52 0.07
43 53 0.96
43 54 0.27
43 55 0.83
43 56 0.54
43 57 0.39
43 58 0.89
43 59 0.88
43 60 0.9
43 61 0.62
43 62 0.07
43 63 0.49
44 45 0
44 46 1
44 47 0.84
44 48 0.82
44 49 0.99
44 50 0.98
44 51 0.93
44 52 0.9
44 53 0.07
44 54 0.91
44 55 0.95
44 56 1.06
44 57 0.63
44 58 0.02
44 59 0.93
44 60 0.86
44 61 0.94
44 62 0.91
44 63 0.7
45 46 0.91
45 47 0.85
45 48 0.86
45 49 0.87
45 50 0.87
45 51 0.95
45 52 0.97
45 53 0.07
45 54 0.97
45 55 0.85
45 56 1.03
45 57 0.69
45 58 0.02
45 59 0.88
45 60 0.85
45 61 1.02
45 62 0.92
45 63 0.66
46 47 0.35
46 48 0.62
46 49 0.2
46 50 0.37
46 51 0.73
46 52 0.19
46 53 1.02
46 54 0.05
46 55 0.66
46 56 0.32
46 57 0.56
46 58 1.06
46 59 0.71
46 60 0.63
46 61 0.34
46 62 0.16
46 63 0.6
47 48 0.36
47 49 0.58
47 50 0.03
47 51 0.39
47 52 0.56
47 53 0.98
47 54 0.36
47 55 0.34
47 56 0.18
47 57 0.85
47 58 0.98
47 59 0.38
47 60 0.31
47 61 0.01
47 62 0.51
47 63 0.83
48 49 0.86
48 50 0.29
48 51 0.1
48 52 0.87
48 53 0.91
48 54 0.71
48 55 0.09
48 56 0.46
48 57 1.01
48 58 0.82
48 59 0.06
48 60 0
48 61 0.31
48 62 0.78
48 63 1.06
49 50 0.54
49 51 0.91
49 52 0.05
49 53 0.98
49 54 0.24
49 55 0.87
49 56 0.58
49 57 0.41
49 58 0.93
49 59 0.95
49 60 0.91
49 61 0.55
49 62 0.05
49 63 0.48
50 51 0.35
50 52 0.52
50 53 0.93
50 54 0.36
50 55 0.3
50 56 0.19
50 57 0.73
50 58 0.9
50 59 0.36
50 60 0.3
50 61 0.02
50 62 0.54
50 63 0.85
51 52 0.98
51 53 0.97
51 54 0.7
51 55 0.04
51 56 0.49
51 57 1.13
51 58 0.99
51 59 0.07
51 60 0.1
51 61 0.38
51 62 0.79
51 63 1.15
52 53 0.98
52 54 0.24
52 55 0.89
52 56 0.57
52 57 0.39
52 58 1.01
52 59 0.87
52 60 0.84
52 61 0.51
52 62 0.05
52 63 0.45
53 54 1.09
53 55 1.03
53 56 1.27
53 57 0.69
53 58 0.05
53 59 0.95
53 60 0.86
53 61 0.93
53 62 1.02
53 63 0.7
54 55 0.75
54 56 0.29
54 57 0.62
54 58 1.15
54 59 0.72
54 60 0.61
54 61 0.36
54 62 0.18
54 63 0.67
55 56 0.44
55 57 1.05
55 58 0.95
55 59 0.09
55 60 0.1
55 61 0.32
55 62 0.82
55 63 1.06
56 57 0.83
56 58 1.17
56 59 0.48
56 60 0.47
56 61 0.18
56 62 0.52
56 63 0.87
57 58 0.66
57 59 0.97
57 60 0.89
57 61 0.75
57 62 0.39
57 63 0.07
58 59 0.89
58 60 0.86
58 61 0.93
58 62 0.98
58 63 0.64
59 60 0.05
59 61 0.38
59 62 0.79
59 63 1.07
60 61 0.34
60 62 0.8
60 63 1.05
61 62 0.53
61 63 0.84
62 63 0.52