87 39 0
63 45 10
5 71 3
71 13 7
59 63 18
45 95 2
29 13 2
51 79 23
7 67 8
25 85 9
1 7 22
72 14 12
28 86 20
52 86 21
46 100 9
66 46 6
28 90 11
16 70 18
2 14 23
79 21 10
14 72 11
32 88 3
6 72 10
73 15 23
2 12 8
73 21 16
12 76 26
66 72 19
2 16 9
38 16 18
30 88 5
68 54 23
32 14 1
64 46 2
26 88 21
62 68 19
34 16 5
8 68 14
77 15 10
73 15 2
75 15 16
8 68 17
36 20 5
56 82 16
26 88 6
28 86 11
52 84 14
60 70 17
26 86 8
8 72 48
76 16 12
6 76 9
14 72 6
78 14 10
34 92 19
74 14 22
64 46 5
10 74 12
6 8 5
28 88 9
60 64 8
6 78 21
46 102 9
77 23 3
68 66 8
58 80 9
58 84 16
36 14 17