A-n32-k5 502.62 519.54 0.92 3.37 517.87 0.92 -0.32
A-n33-k5 494.55 502.16 0.93 1.54 502.16 0.93 0
A-n33-k6 576.4 597.87 0.8 3.72 585.84 0.93 -2.01
A-n34-k5 511.96 523.38 0.92 2.23 523.38 0.92 0
A-n36-k5 528.17 545.6 0.91 3.3 543.02 0.95 -0.47
A-n37-k5 489.23 494.99 0.99 1.18 494.99 0.99 0
A-n37-k6 626.44 651.49 0.78 4 645.04 0.84 -0.99
A-n38-k5 522.58 547.17 0.78 4.71 544.29 0.85 -0.53
A-n39-k5 524 544.8 0.85 3.97 543.09 0.82 -0.31
A-n39-k6 603.73 611.44 0.94 1.28 611.44 0.94 0
A-n44-k6 635.03 650.02 0.84 2.36 648.21 0.83 -0.28
A-n45-k6 682.94 700.21 0.91 2.53 698.71 0.99 -0.21
A-n45-k7 721.9 758.21 0.8 5.03 739.26 0.95 -2.5
A-n46-k7 672.38 685.98 0.87 2.02 685.98 0.87 0
A-n48-k7 720.63 734.98 0.91 1.99 734.28 0.96 -0.1
A-n53-k7 713.82 728.26 0.81 2.02 728.26 0.81 0
A-n54-k7 727.29 753.98 0.75 3.67 753.98 0.75 0
A-n55-k9 876.15 903.55 0.76 3.13 903.55 0.76 0
A-n60-k9 907.31 941.04 0.79 3.72 941.04 0.79 0
A-n61-k9 907.24 925.8 0.87 2.05 925.8 0.87 0
A-n62-k8 818.45 839.91 0.86 2.62 839.35 0.85 -0.07
A-n63-k10 952.17 975.79 0.78 2.48 975.52 0.8 -0.03
A-n63-k9 1007.89 1046.31 0.77 3.81 1046.15 0.84 -0.02
A-n65-k9 919.3 965.39 0.63 5.01 962.79 0.63 -0.27
A-n69-k9 883.34 910.29 0.77 3.05 903.34 0.76 -0.76
B-n31-k5 474.83 487.21 0.91 2.61 486.54 0.94 -0.14
B-n34-k5 502.73 524.47 0.89 4.32 520.82 0.92 -0.7
B-n38-k6 569.12 589.37 0.92 3.56 587.4 0.98 -0.33
B-n41-k6 606.17 650.59 0.77 7.33 628.89 0.84 -3.34
B-n43-k6 550.37 570.37 0.86 3.63 565.87 0.93 -0.79
B-n44-k7 658.6 684.02 0.79 3.86 682.06 0.89 -0.29
B-n45-k5 519 549.03 0.79 5.79 549.03 0.79 0
B-n50-k7 628.44 643.05 0.87 2.32 641.3 0.9 -0.27
B-n50-k8 810.97 849 0.78 4.69 832.37 0.82 -1.96
B-n57-k9 947.26 985.88 0.87 4.08 985.88 0.87 0
B-n63-k10 1017.18 1046.74 0.79 2.91 1045.94 0.79 -0.08
B-n64-k9 863.98 876.3 0.91 1.43 876.3 0.91 0
B-n66-k9 911.21 959.44 0.76 5.29 958.89 0.76 -0.06
B-n67-k10 916.7 947.62 0.76 3.37 946.27 0.76 -0.14
B-n68-k9 895.53 929.08 0.81 3.75 929.08 0.81 0
NA 709.94 733.76 0.84 3.34 730.85 0.86 -0.42
