A-n32-k5 513.62 538.83 0.81 4.91 537.98 0.81 -0.16
A-n33-k5 489.53 505.82 0.74 3.33 504.63 0.74 -0.24
A-n33-k6 581 612.81 0.62 5.48 608.76 0.58 -0.66
A-n34-k5 527.34 556.68 0.66 5.56 556.68 0.66 0
A-n36-k5 522.06 543.34 0.76 4.08 542.67 0.76 -0.12
A-n37-k5 500.18 517.43 0.83 3.45 516.41 0.85 -0.2
A-n37-k6 637.53 676.92 0.53 6.18 674.44 0.58 -0.37
A-n38-k5 523.71 555.85 0.6 6.14 555.31 0.6 -0.1
A-n39-k5 524 565.76 0.62 7.97 563.35 0.62 -0.43
A-n39-k6 603.23 627.33 0.68 4 624.14 0.65 -0.51
A-n44-k6 632.07 666.74 0.62 5.49 666.74 0.62 0
A-n45-k6 678.68 706.43 0.69 4.09 705.24 0.69 -0.17
A-n45-k7 721.02 764.08 0.61 5.97 764.08 0.61 0
A-n46-k7 681.42 721.73 0.62 5.92 719.12 0.69 -0.36
A-n48-k7 716.27 773.22 0.56 7.95 756.38 0.63 -2.18
A-n53-k7 757.66 807.04 0.48 6.52 807.04 0.48 0
A-n54-k7 778.58 831.29 0.59 6.77 831.29 0.59 0
A-n55-k9 913.37 971.82 0.42 6.4 951.2 0.58 -2.12
A-n60-k9 976.21 1031.89 0.59 5.7 1031.89 0.59 0
A-n61-k9 924.18 960.67 0.54 3.95 960.67 0.54 0
A-n62-k8 846.7 912.75 0.5 7.8 912.4 0.52 -0.04
A-n63-k10 1018.39 1052.37 0.64 3.34 1052.37 0.64 0
A-n63-k9 1021.23 1079.26 0.56 5.68 1079.26 0.56 0
A-n65-k9 954.68 1022.97 0.4 7.15 1005.06 0.58 -1.75
A-n69-k9 930.42 988.84 0.45 6.28 978.02 0.58 -1.09
B-n31-k5 470.36 507.85 0.71 7.97 506.49 0.72 -0.27
B-n34-k5 502.73 544.43 0.69 8.29 540.98 0.64 -0.63
B-n38-k6 566.94 602.77 0.7 6.32 599.8 0.72 -0.49
B-n41-k6 606.8 668.69 0.6 10.2 648.38 0.6 -3.04
B-n43-k6 575.33 612.3 0.64 6.43 610.9 0.68 -0.23
B-n44-k7 642.94 687.43 0.62 6.92 686.45 0.62 -0.14
B-n45-k5 518.34 565.1 0.59 9.02 562.17 0.62 -0.52
B-n50-k7 631.25 658.95 0.63 4.39 651.29 0.73 -1.16
B-n50-k8 874.04 911.91 0.68 4.33 911.2 0.67 -0.08
B-n57-k9 969.56 1060.7 0.49 9.4 1056.53 0.53 -0.39
B-n63-k10 1076.53 1151.43 0.53 6.96 1151.43 0.53 0
B-n64-k9 865.97 904.06 0.51 4.4 904.06 0.51 0
B-n66-k9 983.04 1043.78 0.54 6.18 1036.51 0.58 -0.7
B-n67-k10 973.05 1027.55 0.47 5.6 1027.55 0.47 0
B-n68-k9 960.57 1014.51 0.62 5.62 1004.31 0.65 -1.01
NA 730 774 1 6 770 1 0
